dt: 0.1
polyorder: 5
g_dim: 45
width: 64
depth: 5
dropout: 0.2
epochs_A: 140
epochs_B: 140
lrA: 0.002
lrB_start: 0.003
lrB_end: 0.0003
decayA_last_frac: 0.3
decayA_min_ratio: 0.2
lam_phi: 3.0e-10
lam_g: 5.405202180643842e-06
lam_full: 1.8704777059884356e-06
rollout_B: 16
beta_align: 0.00442023584500004
batch_size: 1024
grad_clip: 1.0
