dx(1)/dt = -24490.70322*x(1) -21301.93174*x(2) +26326.00154*x(3) -161.84326*x(1)*x(1) +620.88536*x(1)*x(2) +227.86521*x(1)*x(3) +155.90886*x(2)*x(2) -618.45536*x(2)*x(3) -72.54950*x(3)*x(3) -1563.97353*x(1)*x(1)*x(1) +2229.34940*x(1)*x(1)*x(2) +4291.21399*x(1)*x(1)*x(3) -920.89209*x(1)*x(2)*x(2) -3903.19504*x(1)*x(2)*x(3) +25990.32456*x(1)*x(3)*x(3) +480.52746*x(2)*x(2)*x(2) +1063.46562*x(2)*x(2)*x(3) +27412.13880*x(2)*x(3)*x(3) -30932.08268*x(3)*x(3)*x(3)
dx(2)/dt = +2292.94678*x(1) +54350.00106*x(2) +37231.70429*x(3) -61.52355*x(1)*x(1) +139.23329*x(1)*x(2) +131.22952*x(1)*x(3) -7.71101*x(2)*x(2) +205.55278*x(2)*x(3) +137.60007*x(3)*x(3) -547.44161*x(1)*x(1)*x(1) +1209.10783*x(1)*x(1)*x(2) +1397.97762*x(1)*x(1)*x(3) -1047.24105*x(1)*x(2)*x(2) -2093.68492*x(1)*x(2)*x(3) -3826.74067*x(1)*x(3)*x(3) +188.41104*x(2)*x(2)*x(2) +1093.54472*x(2)*x(2)*x(3) -64984.14356*x(2)*x(3)*x(3) -44894.87580*x(3)*x(3)*x(3)
dx(3)/dt = -0.00000*x(1) -0.00000*x(2) -0.00000*x(3) +0.00000*x(1)*x(1) +0.00000*x(1)*x(2) +0.00000*x(1)*x(3) +0.00000*x(2)*x(2) +0.00000*x(2)*x(3) +0.00000*x(3)*x(3) -0.00000*x(1)*x(1)*x(1) -0.00000*x(1)*x(1)*x(2) -0.00000*x(1)*x(1)*x(3) -0.00000*x(1)*x(2)*x(2) -0.00000*x(1)*x(2)*x(3) -0.00000*x(1)*x(3)*x(3) -0.00000*x(2)*x(2)*x(2) -0.00000*x(2)*x(2)*x(3) -0.00000*x(2)*x(3)*x(3) -0.00000*x(3)*x(3)*x(3)
