dx(1)/dt = -0.00020·x(1) +1.00003·x(2) +0.00115·x(1)*x(1) +0.00052·x(1)*x(2) -0.00009·x(2)*x(2) -0.00190·x(1)*x(1)*x(1) +0.00537·x(1)*x(1)*x(2) +0.00048·x(1)*x(2)*x(2) -0.00046·x(2)*x(2)*x(2)
dx(2)/dt = +5.16432·x(1) -0.47662·x(2) -0.00060·x(1)*x(1) -0.00376·x(1)*x(2) +0.00089·x(2)*x(2) -1.16140·x(1)*x(1)*x(1) -0.07410·x(1)*x(1)*x(2) -0.01810·x(1)*x(2)*x(2) -0.00191·x(2)*x(2)*x(2)
