batch_size: 1024
beta_align: 0.039712835535310964
decayA_last_frac: 0.3
decayA_min_ratio: 0.2
depth: 2
dropout: 0.1
dt: 0.3
epochs_A: 50
epochs_B: 200
g_dim: 56
grad_clip: 1.0
lam_full: 1.7551309492272564e-05
lam_g: 3.1572393986476202e-06
lam_phi: 3.0e-10
lrA: 0.002
lrB_end: 0.0003
lrB_start: 0.003
polyorder: 3
rollout_B: 24
width: 96
