dx(1)/dt = 192.391*x(1)*x(1)*x(3) + 119.055*x(1)*x(3) - 93.4676*x(1)*x(1)*x(1) + 79.177*x(1)*x(2)*x(3) - 78.5641*x(1)*x(1) - 63.5531*x(1) + 54.3234*x(1)*x(2)*x(2) - 51.9447*x(1)*x(3)*x(3) - 43.2412*x(3)*x(3) - 42.3533*x(1)*x(1)*x(2) - 31.8388*x(2)*x(2) - 29.4558*x(2)*x(2)*x(3) - 27.2715*x(2) - 22.499*x(2)*x(3)*x(3) + 14.678*x(3) + 11.9282*x(3)*x(3)*x(3) - 6.71259*x(2)*x(2)*x(2) + 5.52543*x(1)*x(2) + 4.88188*x(2)*x(3)
dx(2)/dt = 988.617*x(1)*x(1)*x(3) - 456.343*x(1)*x(1)*x(1) + 426.775*x(1)*x(2)*x(3) - 310.427*x(1) - 255.311*x(1)*x(3)*x(3) + 221.179*x(1)*x(3) - 199.59*x(1)*x(1)*x(2) + 191.684*x(1)*x(2)*x(2) - 167.073*x(1)*x(1) - 131.923*x(2) - 109.553*x(2)*x(2)*x(3) - 108.614*x(2)*x(3)*x(3) + 75.1481*x(2)*x(3) - 72.0021*x(2)*x(2) - 56.131*x(3)*x(3) + 48.2014*x(3) - 43.7027*x(1)*x(2) + 39.5517*x(3)*x(3)*x(3) - 13.7634*x(2)*x(2)*x(2)
dx(3)/dt = 0
