dx(1)/dt = 44.5963*x(1)*x(2)*x(3) + 39.9805*x(1)*x(3) + 30.9747*x(1)*x(1)*x(3) - 29.1733*x(1)*x(1)*x(1) - 28.2284*x(1)*x(1) - 17.398*x(2) + 17.2964*x(2)*x(3) - 16.69*x(1)*x(2) - 16.6047*x(3)*x(3) + 16.2392*x(1)*x(2)*x(2) - 14.49*x(2)*x(2)*x(3) - 14.288*x(2)*x(3)*x(3) - 11.9164*x(1)*x(1)*x(2) + 5.38801*x(2)*x(2) - 2.65593*x(2)*x(2)*x(2) - 1.62438*x(1) - 1.16512*x(1)*x(3)*x(3) + 0.054675*x(3) - 0.0278118*x(3)*x(3)*x(3)
dx(2)/dt = 137.805*x(2)*x(3) - 125.509*x(1)*x(2) - 102.873*x(1)*x(1)*x(1) + 71.2458*x(1)*x(1)*x(3) + 62.2005*x(1) + 52.1269*x(1)*x(2)*x(3) - 51.7429*x(2) + 51.2039*x(1)*x(3)*x(3) - 46.1891*x(3) - 42.1095*x(2)*x(3)*x(3) - 37.9995*x(3)*x(3)*x(3) + 37.0911*x(1)*x(1)*x(2) - 33.6057*x(1)*x(3) + 33.5766*x(2)*x(2)*x(3) - 31.2417*x(1)*x(2)*x(2) + 30.4841*x(3)*x(3) + 14.8342*x(2)*x(2)*x(2) - 6.611*x(2)*x(2) - 2.49247*x(1)*x(1)
dx(3)/dt = 0
