dx(1)/dt = 53.193*x(1)*x(3) - 31.0672*x(1)*x(1) - 25.2694*x(3)*x(3) - 7.27342*x(1)*x(1)*x(3) - 6.4008*x(1)*x(2)*x(3) + 5.91741*x(1)*x(1)*x(2) - 5.80378*x(2)*x(2) + 5.15517*x(3) + 4.14495*x(3)*x(3)*x(3) - 3.07643*x(2)*x(3) - 2.74028*x(2) + 2.72747*x(2)*x(2)*x(3) - 2.27579*x(2)*x(3)*x(3) - 1.76522*x(1)*x(1)*x(1) + 1.50425*x(1)*x(2) - 1.36442*x(1) - 1.28576*x(1)*x(2)*x(2) - 0.892399*x(1)*x(3)*x(3) + 0.374728*x(2)*x(2)*x(2)
dx(2)/dt = 80.8044*x(1)*x(3) + 71.6386*x(1)*x(1)*x(3) - 54.4128*x(1)*x(1)*x(1) + 52.65*x(1)*x(2)*x(3) - 45.9296*x(1)*x(1) + 36.1584*x(1)*x(2)*x(2) - 32.0369*x(3)*x(3) - 30.3361*x(2)*x(2)*x(3) - 25.2949*x(2)*x(2) - 18.7398*x(2) - 15.4574*x(2)*x(3)*x(3) - 13.8841*x(1)*x(1)*x(2) - 7.03895*x(2)*x(2)*x(2) + 4.19549*x(1)*x(2) - 3.93758*x(1) - 3.34657*x(3) + 3.11842*x(2)*x(3) - 2.90374*x(3)*x(3)*x(3) - 2.89527*x(1)*x(3)*x(3)
dx(3)/dt = 0
