dx(1)/dt = -0.84079*x(1) + 2.20046*x(2) - 0.19019*x(1)*x(1) - 0.91121*x(1)*x(2) + 0.22855*x(2)*x(2) + 0.09090*x(1)*x(1)*x(1) - 4.03563*x(1)*x(2)*x(2) + 2.14694*x(2)*x(2)*x(2)
dx(2)/dt = 0.06401*1 - 2.22810*x(1) + 0.14344*x(2) - 0.63386*x(1)*x(1) + 0.13526*x(1)*x(2) + 0.00645*x(2)*x(2) + 1.20656*x(1)*x(1)*x(1) - 4.37325*x(1)*x(1)*x(2) - 0.94552*x(1)*x(2)*x(2) - 0.53554*x(2)*x(2)*x(2)
