dx(1)/dt = -0.00891*x(1) +0.95698*x(2) -0.00035*x(1)*x(1) +0.00152*x(1)*x(2) +0.00225*x(2)*x(2) +0.00730*x(1)*x(1)*x(1) +0.02201*x(1)*x(1)*x(2) -0.00786*x(1)*x(2)*x(2) +0.01426*x(2)*x(2)*x(2) +0.00017*x(1)*x(1)*x(1)*x(1) -0.00028*x(1)*x(1)*x(1)*x(2) -0.00045*x(1)*x(1)*x(2)*x(2) -0.00018*x(1)*x(2)*x(2)*x(2) -0.00073*x(2)*x(2)*x(2)*x(2) -0.00070*x(1)*x(1)*x(1)*x(1)*x(1) -0.00014*x(1)*x(1)*x(1)*x(1)*x(2) -0.00025*x(1)*x(1)*x(1)*x(2)*x(2) -0.00602*x(1)*x(1)*x(2)*x(2)*x(2) +0.00157*x(1)*x(2)*x(2)*x(2)*x(2) -0.00139*x(2)*x(2)*x(2)*x(2)*x(2)
dx(2)/dt = -1.04227*x(1) +1.36086*x(2) +0.00838*x(1)*x(1) -0.01081*x(1)*x(2) -0.02321*x(2)*x(2) +0.01097*x(1)*x(1)*x(1) -1.05005*x(1)*x(1)*x(2) +0.11923*x(1)*x(2)*x(2) -0.17255*x(2)*x(2)*x(2) -0.00389*x(1)*x(1)*x(1)*x(1) -0.00142*x(1)*x(1)*x(1)*x(2) +0.00134*x(1)*x(1)*x(2)*x(2) +0.00365*x(1)*x(2)*x(2)*x(2) +0.00849*x(2)*x(2)*x(2)*x(2) -0.00776*x(1)*x(1)*x(1)*x(1)*x(1) -0.03653*x(1)*x(1)*x(1)*x(1)*x(2) +0.00949*x(1)*x(1)*x(1)*x(2)*x(2) +0.06232*x(1)*x(1)*x(2)*x(2)*x(2) -0.03002*x(1)*x(2)*x(2)*x(2)*x(2) +0.02013*x(2)*x(2)*x(2)*x(2)*x(2)
