dt: 0.5
polyorder: 5
g_dim: 45
width: 96
depth: 4
dropout: 0.1
epochs_A: 120
epochs_B: 220
lrA: 0.002
lrB_start: 0.003
lrB_end: 0.0003
decayA_last_frac: 0.3
decayA_min_ratio: 0.2
lam_phi: 3.0e-10
lam_g: 1.6286527430769374e-05
lam_full: 4.4046149498077985e-07
rollout_B: 16
beta_align: 0.044012462105563914
batch_size: 1024
grad_clip: 1.0
