dx(1)/dt = 0.971396*x(2)
dx(2)/dt = 4.91114*x(1) - 0.998627*x(1)*x(1)*x(1) - 0.484224*x(2)
