dx(1)/dt = 0.991467*x(2)
dx(2)/dt = 4.98937*x(1) - 1.00393*x(1)*x(1)*x(1) - 0.485096*x(2)
