dx(1)/dt = 0.924311*x(2)
dx(2)/dt = 4.72505*x(1) - 0.902044*x(1)*x(1)*x(1) - 0.111615*x(1)*x(1)*x(2) - 0.0859041*x(2) - 0.0815851*x(1)*x(2)*x(2)
