dx(1)/dt = +0.01612*x(1) +1.02105*x(2) -0.00515*x(1)*x(1) +0.00053*x(1)*x(2) +0.00002*x(2)*x(2) -0.03129*x(1)*x(1)*x(1) -0.01027*x(1)*x(1)*x(2) +0.00517*x(1)*x(2)*x(2) -0.00184*x(2)*x(2)*x(2)
dx(2)/dt = +5.42658*x(1) -0.43605*x(2) -0.00085*x(1)*x(1) -0.01360*x(1)*x(2) -0.00037*x(2)*x(2) -1.39722*x(1)*x(1)*x(1) -0.24743*x(1)*x(1)*x(2) -0.02814*x(1)*x(2)*x(2) +0.00305*x(2)*x(2)*x(2)
