dx(1)/dt = +1.00504*x(1) +3.00835*x(2) -0.00055*x(1)*x(1) +0.00000*x(1)*x(2) +0.00049*x(2)*x(2) -1.01205*x(1)*x(1)*x(1) -0.00686*x(1)*x(1)*x(2) -1.00987*x(1)*x(2)*x(2) -0.00782*x(2)*x(2)*x(2) +0.00041*x(1)*x(1)*x(1)*x(1) -0.00370*x(1)*x(1)*x(1)*x(2) +0.00006*x(1)*x(1)*x(2)*x(2) -0.00370*x(1)*x(2)*x(2)*x(2) -0.00035*x(2)*x(2)*x(2)*x(2) +0.00706*x(1)*x(1)*x(1)*x(1)*x(1) -0.00000*x(1)*x(1)*x(1)*x(1)*x(2) +0.01196*x(1)*x(1)*x(1)*x(2)*x(2) +0.00000*x(1)*x(1)*x(2)*x(2)*x(2) +0.00487*x(1)*x(2)*x(2)*x(2)*x(2) +0.00205*x(2)*x(2)*x(2)*x(2)*x(2)
dx(2)/dt = -3.00749*x(1) +1.00271*x(2) +0.00658*x(1)*x(1) -0.00000*x(1)*x(2) -0.00660*x(2)*x(2) +0.00661*x(1)*x(1)*x(1) -1.00634*x(1)*x(1)*x(2) +0.00750*x(1)*x(2)*x(2) -1.00689*x(2)*x(2)*x(2) -0.00632*x(1)*x(1)*x(1)*x(1) +0.00766*x(1)*x(1)*x(1)*x(2) +0.00002*x(1)*x(1)*x(2)*x(2) +0.00766*x(1)*x(2)*x(2)*x(2) +0.00634*x(2)*x(2)*x(2)*x(2) -0.00171*x(1)*x(1)*x(1)*x(1)*x(1) +0.00000*x(1)*x(1)*x(1)*x(1)*x(2) -0.00000*x(1)*x(1)*x(1)*x(2)*x(2) +0.00791*x(1)*x(1)*x(2)*x(2)*x(2) -0.00000*x(1)*x(2)*x(2)*x(2)*x(2) +0.00424*x(2)*x(2)*x(2)*x(2)*x(2)
