dx(1)/dt = -3.00025*x(2) - 1.00078*x(1)*x(2)*x(2) - 0.997694*x(1)*x(1)*x(1) + 0.0559799*x(1)*x(2)*x(2)*x(2)*x(2)*x(2) + 0.0550252*x(1)*x(1)*x(1)*x(2)*x(2)*x(2) - 0.0500888*x(1)*x(1)*x(1)*x(1)*x(2)*x(2) + 0.0447351*x(1)*x(1)*x(1)*x(1)*x(1)*x(2) + 0.0390402*x(1)*x(1)*x(2)*x(2)*x(2)*x(2) - 0.0370405*x(1)*x(1)*x(2)*x(2)*x(2)*x(2)*x(2) - 0.0255647*x(1)*x(1)*x(1)*x(1)*x(2) - 0.0234978*x(1)*x(1)*x(1)*x(1)*x(1)*x(1) + 0.0229407*x(1)*x(1)*x(2)*x(2)*x(2)
dx(2)/dt = 3.00017*x(1) - 1.00928*x(1)*x(1)*x(2) - 1.00774*x(2)*x(2)*x(2) + 0.0769331*x(1)*x(1)*x(2)*x(2)*x(2) - 0.0397539*x(1)*x(1)*x(1)*x(2)*x(2)*x(2)*x(2) - 0.03936*x(1)*x(1)*x(1)*x(1)*x(1)*x(2)*x(2) + 0.034189*x(1)*x(1)*x(1)*x(1)*x(2)*x(2) - 0.0337181*x(1)*x(1)*x(1)*x(1)*x(2)*x(2)*x(2) - 0.0333566*x(1)*x(1)*x(2)*x(2)*x(2)*x(2)*x(2) + 0.030032*x(1)*x(1)*x(1)*x(1)*x(2) - 0.0294659*x(1)*x(1)*x(1)*x(1)*x(1)*x(1)*x(2) - 0.0283841*x(1)*x(1)*x(1)*x(2)*x(2)*x(2)
