dx(1)/dt = 1.0035*x(2) - 0.359853*x(1)*x(1) + 0.0170295*x(1) + 0.00829885*x(1)*x(2) + 0.00748112*x(2)*x(2)
dx(2)/dt = -22.5288*x(1) + 2.0004*x(1)*x(2) + 1.26976*x(1)*x(1) - 0.108151*x(2) + 0.0153734*x(2)*x(2)
