dx(1)/dt = -12.15291*x(1) +1.38120*x(2) -0.55332*x(1)*x(1) -2.47670*x(1)*x(2) +0.20640*x(2)*x(2) +33.78901*x(1)*x(1)*x(1) -0.28114*x(1)*x(1)*x(2) +28.00530*x(1)*x(2)*x(2) -4.60022*x(2)*x(2)*x(2) +1.19820*x(1)*x(1)*x(1)*x(1) +6.83582*x(1)*x(1)*x(1)*x(2) +1.26669*x(1)*x(1)*x(2)*x(2) +5.89074*x(1)*x(2)*x(2)*x(2) -0.95079*x(2)*x(2)*x(2)*x(2) -28.85676*x(1)*x(1)*x(1)*x(1)*x(1) -1.16741*x(1)*x(1)*x(1)*x(1)*x(2) -55.21197*x(1)*x(1)*x(1)*x(2)*x(2) +1.47594*x(1)*x(1)*x(2)*x(2)*x(2) -19.29162*x(1)*x(2)*x(2)*x(2)*x(2) +5.75382*x(2)*x(2)*x(2)*x(2)*x(2)
dx(2)/dt = -1.26129*x(1) -11.44627*x(2) -1.47139*x(1)*x(1) -0.86076*x(1)*x(2) -0.34048*x(2)*x(2) +2.88611*x(1)*x(1)*x(1) +26.56292*x(1)*x(1)*x(2) +3.29751*x(1)*x(2)*x(2) +31.58826*x(2)*x(2)*x(2) +5.04927*x(1)*x(1)*x(1)*x(1) +3.32122*x(1)*x(1)*x(1)*x(2) +2.34835*x(1)*x(1)*x(2)*x(2) +0.41594*x(1)*x(2)*x(2)*x(2) +2.18377*x(2)*x(2)*x(2)*x(2) -2.36450*x(1)*x(1)*x(1)*x(1)*x(1) -17.56357*x(1)*x(1)*x(1)*x(1)*x(2) -5.47821*x(1)*x(1)*x(1)*x(2)*x(2) -53.19884*x(1)*x(1)*x(2)*x(2)*x(2) -3.63115*x(1)*x(2)*x(2)*x(2)*x(2) -26.19119*x(2)*x(2)*x(2)*x(2)*x(2)
