dx(1)/dt = 0.896434*x(2)
dx(2)/dt = 3.93962*x(1) - 0.818623*x(1)*x(1)*x(1)
