dx(1)/dt = 0.865485*x(2)
dx(2)/dt = 3.91067*x(1) - 0.736754*x(1)*x(1)*x(1) + 0.157033*x(2) - 0.152581*x(1)*x(1)*x(2) - 0.115671*x(1)*x(2)*x(2)
