dx(1)/dt = -23.73526*x(1) -9.63584*x(2) +12.50386*x(3) -0.49224*x(1)*x(1) -12.25912*x(1)*x(2) +26.49990*x(1)*x(3) -6.72717*x(2)*x(2) +2.45550*x(2)*x(3) -17.08025*x(3)*x(3) +8.64862*x(1)*x(1)*x(1) +2.00498*x(1)*x(1)*x(2) +4.86872*x(1)*x(1)*x(3) -0.30169*x(1)*x(2)*x(2) +8.93053*x(1)*x(2)*x(3) -19.47889*x(1)*x(3)*x(3) -0.88767*x(2)*x(2)*x(2) +5.86994*x(2)*x(2)*x(3) -7.94441*x(2)*x(3)*x(3) +10.24785*x(3)*x(3)*x(3)
dx(2)/dt = -98.73762*x(1) -13.71291*x(2) +36.69542*x(3) -24.81341*x(1)*x(1) -49.62812*x(1)*x(2) +107.18593*x(1)*x(3) -27.98192*x(2)*x(2) +16.77754*x(2)*x(3) -45.86872*x(3)*x(3) +50.46207*x(1)*x(1)*x(1) -6.88022*x(1)*x(1)*x(2) +37.05740*x(1)*x(1)*x(3) -0.33195*x(1)*x(2)*x(2) +37.62132*x(1)*x(2)*x(3) -81.04474*x(1)*x(3)*x(3) -25.64026*x(2)*x(2)*x(2) +30.78561*x(2)*x(2)*x(3) -11.24736*x(2)*x(3)*x(3) +30.09338*x(3)*x(3)*x(3)
dx(3)/dt = -0.00000*x(1) +0.00000*x(2) +0.00000*x(3) -0.00000*x(1)*x(1) -0.00000*x(1)*x(2) +0.00000*x(1)*x(3) -0.00000*x(2)*x(2) +0.00000*x(2)*x(3) +0.00000*x(3)*x(3) +0.00000*x(1)*x(1)*x(1) -0.00000*x(1)*x(1)*x(2) +0.00000*x(1)*x(1)*x(3) -0.00000*x(1)*x(2)*x(2) +0.00000*x(1)*x(2)*x(3) -0.00000*x(1)*x(3)*x(3) -0.00000*x(2)*x(2)*x(2) -0.00000*x(2)*x(2)*x(3) +0.00000*x(2)*x(3)*x(3) +0.00000*x(3)*x(3)*x(3)
