dx(1)/dt = 2.9868*x(2) - 1.00237*x(1)*x(2)*x(2) + 0.990754*x(1) - 0.989049*x(1)*x(1)*x(1) + 0.0427261*x(1)*x(1)*x(1)*x(1)*x(2) + 0.0422068*x(2)*x(2)*x(2) - 0.0327537*x(1)*x(1)*x(2) - 0.029953*x(2)*x(2)*x(2)*x(2)*x(2) + 0.0254225*x(1)*x(1)*x(2)*x(2)*x(2) + 0.0196301*x(1)*x(2)*x(2)*x(2)*x(2) + 0.00256715*x(1)*x(1)*x(1)*x(2)*x(2) - 0.00219739*x(1)*x(1)*x(1)*x(1)*x(1)
dx(2)/dt = -2.98877*x(1) - 1.00103*x(1)*x(1)*x(2) + 0.990076*x(2) - 0.98942*x(2)*x(2)*x(2) - 0.0411834*x(1)*x(2)*x(2)*x(2)*x(2) - 0.0390466*x(1)*x(1)*x(1) + 0.0328293*x(1)*x(2)*x(2) + 0.0286496*x(1)*x(1)*x(1)*x(1)*x(1) - 0.0238916*x(1)*x(1)*x(1)*x(2)*x(2) + 0.0194173*x(1)*x(1)*x(1)*x(1)*x(2) + 0.00201693*x(1)*x(1)*x(2)*x(2)*x(2) + 0.0010981*x(1)*x(2)*x(2)*x(2)
