dx(1)/dt = -0.01116·x(1) +0.99661·x(2) -0.10291·x(3) -0.16122·x(4) -0.01204·x(1)*x(1) +0.08198·x(1)*x(2) +0.63507·x(1)*x(3) -0.38092·x(1)*x(4) +0.00472·x(2)*x(2) +0.29901·x(2)*x(3) -0.02947·x(2)*x(4) +3.53750·x(3)*x(3) -2.45471·x(3)*x(4) +6.24471·x(4)*x(4) -0.05928·x(1)*x(1)*x(1) +0.15380·x(1)*x(1)*x(2) -2.62690·x(1)*x(1)*x(3) -2.54136·x(1)*x(1)*x(4) +0.07626·x(1)*x(2)*x(2) +4.36121·x(1)*x(2)*x(3) -6.03503·x(1)*x(2)*x(4) -2.35018·x(1)*x(3)*x(3) -0.05413·x(1)*x(3)*x(4) -2.24372·x(1)*x(4)*x(4) +0.00061·x(2)*x(2)*x(2) -0.44005·x(2)*x(2)*x(3) +0.08885·x(2)*x(2)*x(4) +10.68863·x(2)*x(3)*x(3) +3.73582·x(2)*x(3)*x(4) +0.42399·x(2)*x(4)*x(4) +11.21497·x(3)*x(3)*x(3) +42.90186·x(3)*x(3)*x(4) -22.86684·x(3)*x(4)*x(4) +3.99161·x(4)*x(4)*x(4)
dx(2)/dt = +0.61428·x(1) +0.07844·x(2) +30.57636·x(3) +15.88436·x(4) -4.80338·x(1)*x(1) -8.25814·x(1)*x(2) -96.00163·x(1)*x(3) -20.55654·x(1)*x(4) -0.33631·x(2)*x(2) +44.39910·x(2)*x(3) +6.28636·x(2)*x(4) -1904.93898·x(3)*x(3) -438.07246·x(3)*x(4) -126.12937·x(4)*x(4) +15.86822·x(1)*x(1)*x(1) -1.25561·x(1)*x(1)*x(2) +690.55440·x(1)*x(1)*x(3) +56.43132·x(1)*x(1)*x(4) -4.71205·x(1)*x(2)*x(2) +305.61497·x(1)*x(2)*x(3) +145.67350·x(1)*x(2)*x(4) +473.30315·x(1)*x(3)*x(3) +305.84151·x(1)*x(3)*x(4) +322.76406·x(1)*x(4)*x(4) -0.02407·x(2)*x(2)*x(2) -34.62136·x(2)*x(2)*x(3) -13.27966·x(2)*x(2)*x(4) -785.93995·x(2)*x(3)*x(3) -594.11842·x(2)*x(3)*x(4) +10.80622·x(2)*x(4)*x(4) +6354.59696·x(3)*x(3)*x(3) +866.88553·x(3)*x(3)*x(4) +1019.85465·x(3)*x(4)*x(4) -4.96021·x(4)*x(4)*x(4)
dx(3)/dt = +0.00591·x(1) -0.00121·x(2) +0.65716·x(3) +0.69672·x(4) -0.13486·x(1)*x(1) +0.16005·x(1)*x(2) +1.92479·x(1)*x(3) -0.10821·x(1)*x(4) -0.00921·x(2)*x(2) -0.79563·x(2)*x(3) -0.01810·x(2)*x(4) +13.73606·x(3)*x(3) -1.16118·x(3)*x(4) -3.60402·x(4)*x(4) -0.37401·x(1)*x(1)*x(1) +0.28817·x(1)*x(1)*x(2) -7.73736·x(1)*x(1)*x(3) +0.51858·x(1)*x(1)*x(4) -0.00809·x(1)*x(2)*x(2) +1.44747·x(1)*x(2)*x(3) +3.71443·x(1)*x(2)*x(4) -12.56011·x(1)*x(3)*x(3) -10.47974·x(1)*x(3)*x(4) -0.04371·x(1)*x(4)*x(4) +0.00087·x(2)*x(2)*x(2) -0.63393·x(2)*x(2)*x(3) +0.31110·x(2)*x(2)*x(4) +30.04691·x(2)*x(3)*x(3) -4.59754·x(2)*x(3)*x(4) +0.77782·x(2)*x(4)*x(4) -35.61555·x(3)*x(3)*x(3) +3.00700·x(3)*x(3)*x(4) +6.49302·x(3)*x(4)*x(4) +1.07331·x(4)*x(4)*x(4)
dx(4)/dt = +0.27289·x(1) +0.06817·x(2) +16.60072·x(3) +14.50360·x(4) -1.67247·x(1)*x(1) -7.10938·x(1)*x(2) -78.19797·x(1)*x(3) -4.75097·x(1)*x(4) +0.36037·x(2)*x(2) +29.25975·x(2)*x(3) -0.77539·x(2)*x(4) -1178.65573·x(3)*x(3) -244.62227·x(3)*x(4) +84.49282·x(4)*x(4) +13.50906·x(1)*x(1)*x(1) -6.38882·x(1)*x(1)*x(2) +408.79015·x(1)*x(1)*x(3) +2.23204·x(1)*x(1)*x(4) +0.02135·x(1)*x(2)*x(2) +114.52305·x(1)*x(2)*x(3) -72.65499·x(1)*x(2)*x(4) +496.71431·x(1)*x(3)*x(3) +503.54133·x(1)*x(3)*x(4) +75.19462·x(1)*x(4)*x(4) -0.06227·x(2)*x(2)*x(2) -37.83025·x(2)*x(2)*x(3) -14.37736·x(2)*x(2)*x(4) -1255.05316·x(2)*x(3)*x(3) +19.26443·x(2)*x(3)*x(4) -20.01504·x(2)*x(4)*x(4) +3976.18943·x(3)*x(3)*x(3) +931.34540·x(3)*x(3)*x(4) +82.81403·x(3)*x(4)*x(4) +45.21927·x(4)*x(4)*x(4)
