dx(1)/dt = 1.45016535195*x(1)*x(1)*x(2) + 1.45016535195*x(1)*x(2)*x(2) - 1.47211096515*x(1)*x(2) - 0.860558646673*x(1) + 38.194594*x(1)*x(1)*x(1).0*x(2) + 33.216301166907*x(1)*x(1)*x(1)*x(1).0*x(2)*x(2) - 48.124251701663*x(1)*x(1)*x(1)*x(1).0*x(2) - 224.715228827943*x(1)*x(1)*x(1)*x(1)*x(1).0*x(2) + 2.277631353327*x(2) - 0.00165698507900003
dx(2)/dt = -19.985564544352*x(1)*x(1)*x(2)*x(2)*x(2).0 + 0.051616*x(1)*x(2) - 3.379444765824*x(1)*x(2)*x(2)*x(2).0 + 2.111061255744*x(1)*x(2)*x(2)*x(2)*x(2).0 - 2.233504509313*x(1) + 0.090677524886*x(2) + 0.343118*x(2)*x(2)*x(2)*x(2)*x(2)*x(2).0 + 0.062297149844
