dx(1)/dt = +0.00006*x(1) -0.00026*x(2) +0.00000*x(1)*x(1) -0.00003*x(1)*x(2) -0.00044*x(2)*x(2)
dx(2)/dt = +0.00047*x(1) -0.03474*x(2) +0.00001*x(1)*x(1) -0.00023*x(1)*x(2) -0.05100*x(2)*x(2)
