dx(1)/dt = 2.9958*x(2) - 0.971032*x(1)*x(2)*x(2) - 0.958929*x(1)*x(1)*x(1) + 0.954217*x(1) + 0.0307065*x(1)*x(1)*x(1)*x(2)*x(2) + 0.0141256*x(1)*x(2)*x(2)*x(2)*x(2) - 0.0102143*x(2)*x(2)*x(2)*x(2) + 0.00994743*x(2)*x(2) + 0.00963309*x(1)*x(1)*x(1)*x(1) - 0.00943063*x(1)*x(1) + 0.0082842*x(1)*x(1)*x(2) - 0.00613068*x(1)*x(1)*x(1)*x(1)*x(2)
dx(2)/dt = -3.00379*x(1) - 0.972383*x(1)*x(1)*x(2) + 0.935054*x(2) - 0.933847*x(2)*x(2)*x(2) + 0.0462944*x(1)*x(1)*x(1)*x(1)*x(2) + 0.0202666*x(1)*x(1)*x(2)*x(2)*x(2) + 0.0175189*x(1)*x(1)*x(1)*x(2) - 0.0169575*x(1)*x(2) + 0.0168709*x(1)*x(2)*x(2)*x(2) + 0.0155367*x(1)*x(2)*x(2) - 0.014108*x(1)*x(2)*x(2)*x(2)*x(2) - 0.0128363*x(2)*x(2)*x(2)*x(2)
