dx(1)/dt = 2.99529*x(2) - 0.992798*x(1)*x(2)*x(2) - 0.988353*x(1)*x(1)*x(1) + 0.980354*x(1) + 0.0197002*x(1)*x(1)*x(1)*x(2)*x(2) + 0.0137697*x(1)*x(2)*x(2)*x(2)*x(2) + 0.0121853*x(1)*x(1)*x(2) - 0.00859515*x(1)*x(1)*x(1)*x(1)*x(2) + 0.00797878*x(1)*x(1)*x(1)*x(1)*x(1) - 0.00687407*x(1)*x(2)*x(2)*x(2) - 0.00666865*x(1)*x(1)*x(1)*x(2) + 0.00632*x(1)*x(2)
dx(2)/dt = -3.00587*x(1) - 0.989921*x(1)*x(1)*x(2) - 0.97715*x(2)*x(2)*x(2) + 0.972419*x(2) + 0.0197456*x(1)*x(1)*x(1)*x(1)*x(2) + 0.0195396*x(1)*x(1)*x(2)*x(2)*x(2) + 0.0105805*x(1)*x(2)*x(2) - 0.00563225*x(1)*x(2)*x(2)*x(2)*x(2) + 0.00524256*x(1)*x(1)*x(1) + 0.00494553*x(2)*x(2)*x(2)*x(2)*x(2) + 0.00323765*x(1)*x(1)*x(1)*x(2) + 0.00308659*x(1)*x(2)*x(2)*x(2)
