dx(1)/dt = 1.03581*x(2)*x(3)*x(3) + 1.00424*x(2) - 0.829669*x(1)*x(3)*x(4) + 0.633815*x(1)*x(3) - 0.523494*x(2)*x(2)*x(3) - 0.373662*x(3)*x(4)*x(4) - 0.345473*x(1)*x(3)*x(3) - 0.336059*x(2)*x(3) - 0.266011*x(2)*x(3)*x(4) + 0.225161*x(1)*x(4) - 0.13962*x(1)*x(1)*x(1) - 0.139364*x(2)*x(4) + 0.131957*x(1)*x(2)*x(4) + 0.127676*x(4)*x(4) - 0.112245*x(2)*x(4)*x(4) + 0.0922435*x(1)*x(2)*x(2) + 0.0462689*x(1)*x(4)*x(4) + 0.0280894*x(1)*x(1)*x(4) - 0.028053*x(4) + 0.0188907*x(3)*x(4) + 0.0160503*x(2)*x(2)*x(4) - 0.0141704*x(2)*x(2)*x(2) - 0.0111354*x(1)*x(1)*x(2) - 0.00818438*x(4)*x(4)*x(4) + 0.00800919*x(1) + 0.003872*x(1)*x(1)*x(3) + 0.00299011*x(2)*x(2) - 0.00142294*x(3)
dx(2)/dt = 115.21*x(3)*x(3)*x(3) - 99.183*x(2)*x(3)*x(4) - 79.0411*x(3)*x(3) + 42.197*x(1)*x(4)*x(4) + 32.1697*x(1)*x(3)*x(3) - 23.8744*x(3)*x(3)*x(4) + 19.9098*x(3)*x(4)*x(4) - 19.7696*x(1)*x(3) + 14.3242*x(3) + 10.0964*x(2)*x(3)*x(3) + 8.14025*x(1)*x(1)*x(3) + 8.06504*x(1)*x(3)*x(4) - 7.82934*x(2)*x(3) + 6.79139*x(1)*x(2)*x(3) - 6.741*x(4)*x(4) + 5.84535*x(2)*x(4) + 5.57538*x(2)*x(4)*x(4) - 5.00796*x(1)*x(2)*x(2) - 3.86341*x(1)*x(4) - 2.9868*x(4)*x(4)*x(4) - 2.57866*x(1)*x(1) + 2.03343*x(1)*x(1)*x(2) + 1.93959*x(1)*x(2)*x(4) + 1.19994*x(4) - 1.11454*x(1)*x(1)*x(4) - 0.960801*x(3)*x(4) + 0.933337*x(2)*x(2)*x(3) + 0.731946*x(1)*x(1)*x(1) - 0.65465*x(1)*x(2) + 0.653648*x(1) + 0.292822*x(2)*x(2)*x(4) + 0.180752*x(2) - 0.131873*x(2)*x(2)*x(2) - 0.0883328*x(2)*x(2)
dx(3)/dt = -3.28702*x(3)*x(3)*x(4) - 2.4629*x(3)*x(3)*x(3) + 1.40696*x(3)*x(3) + 1.30364*x(2)*x(3)*x(4) + 1.27033*x(3)*x(4) - 0.970077*x(3)*x(4)*x(4) + 0.707615*x(4) - 0.664543*x(2)*x(2)*x(3) - 0.590842*x(1)*x(4)*x(4) + 0.552174*x(1)*x(2)*x(3) - 0.484213*x(2)*x(3)*x(3) + 0.365611*x(1)*x(2)*x(4) - 0.355183*x(1)*x(1)*x(4) + 0.152935*x(1)*x(2) - 0.131809*x(4)*x(4)*x(4) - 0.0959352*x(1)*x(3) - 0.0921853*x(2)*x(4)*x(4) - 0.054072*x(4)*x(4) - 0.0438758*x(2)*x(2)*x(4) + 0.0399915*x(2)*x(4) - 0.0395645*x(1)*x(1)*x(3) - 0.0381555*x(1)*x(1) - 0.0359306*x(1)*x(3)*x(4) + 0.0345135*x(3) + 0.028936*x(1)*x(1)*x(2) + 0.0284555*x(1)*x(1)*x(1) + 0.0203299*x(1)*x(4) - 0.0191763*x(1)*x(2)*x(2) - 0.00209417*x(2) + 0.000353837*x(1)
dx(4)/dt = 111.361*x(3)*x(3)*x(3) + 64.7464*x(3)*x(3)*x(4) - 45.8956*x(3)*x(3) - 31.9496*x(3)*x(4) + 10.3225*x(4)*x(4) - 9.23435*x(2)*x(2)*x(3) + 7.77958*x(1)*x(2)*x(3) - 7.17987*x(3)*x(4)*x(4) + 5.86612*x(2)*x(3)*x(4) - 4.64469*x(2)*x(3)*x(3) + 3.39618*x(4)*x(4)*x(4) - 2.97605*x(1)*x(1)*x(3) - 2.17505*x(1)*x(2)*x(4) - 1.90847*x(1)*x(4)*x(4) + 1.72099*x(4) + 1.27828*x(1)*x(3) + 1.19609*x(1)*x(3)*x(3) + 0.924743*x(3) - 0.738247*x(2)*x(4)*x(4) + 0.682738*x(1)*x(1) + 0.656864*x(2)*x(3) - 0.596406*x(1)*x(1)*x(1) - 0.53415*x(1)*x(2) + 0.510131*x(2)*x(2) - 0.486259*x(2)*x(2)*x(4) + 0.460944*x(1)*x(4) + 0.412534*x(1)*x(1)*x(4) - 0.29308*x(1)*x(3)*x(4) - 0.119087*x(1)*x(2)*x(2) + 0.078755*x(1) - 0.0675726*x(1)*x(1)*x(2) + 0.0224281*x(2)*x(4) - 0.0219897*x(2) + 0.021632*x(2)*x(2)*x(2)
