dx(1)/dt = -1.317531*x(1)*x(2) - 0.897938*x(1) + 40.824376*x(1)*x(1)*x(1).0*x(2) + 68.349495*x(1)*x(1)*x(1).0*x(2)*x(2).0 - 102.117249*x(1)*x(1)*x(1)*x(1).0*x(2) - 0.002408*x(1)*x(1)*x(1)*x(1).0 - 0.002408*x(1)*x(1)*x(1)*x(1)*x(1).0 + 833.60015*x(1)*x(1)*x(1)*x(1)*x(1)*x(1).0*x(2)*x(2).0 - 1616.363921*x(1)*x(1)*x(1)*x(1)*x(1)*x(1)*x(1).0*x(2) + 66.348622*x(1)*x(1)*x(1)*x(1)*x(1)*x(1)*x(1)*x(1).0 + 2.33506*x(2) - 0.002408
dx(2)/dt = -2.242676*x(1)*(0.572521*x(1) + 0.897039*x(2)*x(2)*x(2).0 + 0.762345)**2.0 - 0.632381*x(1)*x(1).0*x(2) + 0.222683*x(2)*(0.572521*x(1) + 0.897039*x(2)*x(2)*x(2).0 + 0.762345)**2.0 + 0.648887*x(2)*x(2)*x(2).0*(0.572521*x(1) + 0.897039*x(2)*x(2)*x(2).0 + 0.762345)**2.0 + 2.236404*(-x(1))**2.0 - 0.990752*(0.572521*x(1) + 0.897039*x(2)*x(2)*x(2).0 + 0.762345)**2.0 + 0.635791
