dt: 0.3
polyorder: 5
g_dim: 45
width: 160
depth: 5
dropout: 0.30000000000000004
epochs_A: 130
epochs_B: 240
lrA: 0.002
lrB_start: 0.003
lrB_end: 0.0003
decayA_last_frac: 0.3
decayA_min_ratio: 0.2
lam_phi: 3.0e-10
lam_g: 3.691538305583017e-06
lam_full: 9.91612664632936e-07
rollout_B: 16
beta_align: 0.0013100767074465016
batch_size: 1024
grad_clip: 1.0
