dx(1)/dt = 0.977756*x(2) - 0.0529163*x(1) + 0.0302751*x(1)*x(2)*x(2) - 0.0184443*x(1)*x(2) + 0.00914024*x(2)*x(2)*x(2) + 0.0063961*x(1)*x(1)*x(2) + 0.00482684*x(1)*x(1)*x(1) - 0.00265154*x(1)*x(1)*x(2)*x(2) - 0.00264494*x(2)*x(2) + 0.00252837*x(1)*x(1)*x(2)*x(2)*x(2) - 0.00245809*x(1)*x(1)*x(1)*x(1)*x(2) + 0.00208198*x(1)*x(1)
dx(2)/dt = -1.02176*x(1) - 0.989073*x(1)*x(1)*x(2) + 0.952642*x(2) - 0.0785503*x(1)*x(2)*x(2) + 0.0418654*x(1)*x(1)*x(1) - 0.0311065*x(1)*x(1)*x(2)*x(2)*x(2) - 0.030761*x(1)*x(1) + 0.0300541*x(1)*x(1)*x(1)*x(1)*x(2) + 0.0294063*x(2)*x(2)*x(2) + 0.0280889*x(1)*x(1)*x(2)*x(2) + 0.0140342*x(1)*x(2) + 0.0137035*x(1)*x(2)*x(2)*x(2)
