dx(1)/dt = 0.99104*x(2) - 0.105479*x(1)*x(1) + 0.035977*x(1)*x(2) + 0.0197105*x(1) - 0.000670237*x(2)*x(2)
dx(2)/dt = -22.5407*x(1) + 1.33935*x(1)*x(1) + 0.423148*x(1)*x(2) - 0.230179*x(2) + 0.117359*x(2)*x(2)
