batch_size: 1024
beta_align: 0.003511540801108774
decayA_last_frac: 0.3
decayA_min_ratio: 0.2
depth: 3
dropout: 0.05
dt: 2.25
epochs_A: 110
epochs_B: 280
g_dim: 60
grad_clip: 1.0
lam_full: 2.950006418232408e-06
lam_g: 1.5759604887894703e-05
lam_phi: 3.0e-10
lrA: 0.002
lrB_end: 0.0003
lrB_start: 0.003
polyorder: 2
rollout_B: 2
width: 192
