dx(1)/dt = 1.40079*x(3)*x(3)*x(4) - 1.23131*x(2)*x(3)*x(3) + 1.1408*x(2)*x(3)*x(4) + 0.996188*x(2) + 0.451816*x(1)*x(3) - 0.429332*x(3)*x(4) - 0.42152*x(1)*x(4)*x(4) - 0.332746*x(1)*x(3)*x(3) + 0.315003*x(1)*x(4) - 0.239185*x(2)*x(2)*x(3) + 0.16319*x(4)*x(4)*x(4) - 0.140576*x(2)*x(4) - 0.117987*x(2)*x(4)*x(4) - 0.109138*x(2)*x(3) - 0.103458*x(1)*x(1)*x(2) + 0.0971631*x(1)*x(2)*x(2) + 0.0897554*x(1)*x(2)*x(4) - 0.0719735*x(1)*x(1)*x(1) - 0.0554659*x(3) + 0.0282706*x(1)*x(1)*x(3) + 0.0224411*x(1)*x(2)*x(3) - 0.0175611*x(2)*x(2)*x(4) + 0.0149394*x(4) + 0.0127096*x(1)*x(1) - 0.0116668*x(4)*x(4) - 0.00517662*x(1) + 0.00222006*x(2)*x(2) + 0.00131594*x(2)*x(2)*x(2)
dx(2)/dt = 154.207*x(3)*x(3)*x(3) - 123.405*x(3)*x(3) - 103.324*x(2)*x(3)*x(4) + 43.923*x(1)*x(4)*x(4) - 34.9376*x(3)*x(3)*x(4) + 33.364*x(1)*x(3)*x(3) + 28.9042*x(3)*x(4)*x(4) + 21.7096*x(3) - 21.4332*x(1)*x(3) + 17.106*x(1)*x(1)*x(3) + 13.9677*x(1)*x(3)*x(4) - 13.0513*x(4)*x(4) - 11.1671*x(2)*x(3)*x(3) + 9.26686*x(1)*x(2)*x(3) + 7.1995*x(1)*x(2)*x(4) + 6.4925*x(2)*x(4) - 5.48289*x(1)*x(2)*x(2) - 5.26127*x(1)*x(4) - 4.64303*x(4)*x(4)*x(4) + 4.44383*x(2)*x(4)*x(4) - 4.40173*x(1)*x(1) - 4.30037*x(2)*x(3) - 3.04792*x(2)*x(2)*x(3) + 2.40016*x(1)*x(1)*x(2) - 1.38211*x(1)*x(1)*x(4) + 1.37973*x(4) - 0.927281*x(3)*x(4) + 0.916262*x(1)*x(1)*x(1) - 0.807995*x(1)*x(2) + 0.80497*x(1) + 0.369055*x(2)*x(2)*x(4) + 0.165567*x(2) - 0.126413*x(2)*x(2)*x(2) - 0.0976257*x(2)*x(2)
dx(3)/dt = 1.68937*x(3)*x(3) - 1.64855*x(3)*x(3)*x(3) - 1.02397*x(3)*x(3)*x(4) + 0.956027*x(4) + 0.400589*x(2)*x(2)*x(3) + 0.376462*x(2)*x(3)*x(4) + 0.299215*x(3)*x(4) + 0.29185*x(3)*x(4)*x(4) - 0.260984*x(1)*x(1)*x(3) - 0.206696*x(4)*x(4) - 0.180406*x(3) - 0.169614*x(1)*x(4)*x(4) - 0.100809*x(1)*x(3)*x(3) + 0.0936476*x(1)*x(2)*x(3) - 0.0827468*x(1)*x(2)*x(4) - 0.0633482*x(1)*x(1)*x(4) - 0.0542058*x(1)*x(3)*x(4) - 0.0510281*x(4)*x(4)*x(4) + 0.043672*x(1)*x(1) + 0.024864*x(1)*x(2) + 0.0137684*x(1)*x(1)*x(1) + 0.0112319*x(1)*x(4) - 0.00923069*x(2)*x(4)*x(4) - 0.00912522*x(2)*x(2)*x(4) + 0.00833057*x(1)*x(2)*x(2) - 0.00772189*x(2)*x(2) - 0.00757245*x(2)*x(4) - 0.00502323*x(1) - 0.0016909*x(2) + 0.00167832*x(2)*x(2)*x(2) + 2.97225e-06*x(1)*x(1)*x(2)
dx(4)/dt = 92.9534*x(3)*x(3)*x(3) + 70.7844*x(3)*x(3)*x(4) - 51.7067*x(3)*x(3) - 40.3347*x(3)*x(4) - 16.4106*x(3)*x(4)*x(4) + 15.1761*x(1)*x(2)*x(3) - 13.4295*x(2)*x(2)*x(3) + 11.1901*x(4)*x(4) + 8.47168*x(2)*x(3)*x(4) - 3.42749*x(1)*x(3)*x(4) - 3.25863*x(1)*x(4)*x(4) + 2.8844*x(2)*x(3)*x(3) + 2.74985*x(3) + 2.3744*x(4)*x(4)*x(4) + 2.00831*x(4) + 1.9885*x(1)*x(3) - 1.45594*x(1)*x(3)*x(3) - 0.859856*x(2)*x(4)*x(4) + 0.837561*x(1)*x(1)*x(3) - 0.769228*x(1)*x(2) - 0.573656*x(1)*x(1)*x(1) + 0.512682*x(2)*x(2) + 0.466142*x(2)*x(3) - 0.447903*x(1)*x(1)*x(4) - 0.367665*x(2)*x(2)*x(4) + 0.265812*x(1)*x(1)*x(2) + 0.249487*x(1)*x(2)*x(4) - 0.142524*x(2)*x(4) + 0.100296*x(1)*x(4) - 0.0999141*x(1)*x(1) + 0.0344359*x(1) - 0.0203682*x(2) + 0.0169869*x(1)*x(2)*x(2) + 0.0159304*x(2)*x(2)*x(2)
