dx(1)/dt = -32.4357*x(2) + 27.1971*x(1)*x(1)*x(2) - 16.8253*x(1)*x(1)*x(1) + 11.4995*x(1) - 9.99637*x(1)*x(2)*x(2) - 7.24913*x(1)*x(1) - 1.76383*x(1)*x(2) + 1.69337*x(3) - 1.67743*x(2)*x(2) + 0.0879719*x(2)*x(2)*x(2)
dx(2)/dt = -272.274*x(2) + 207.904*x(1) - 123.81*x(3) + 116.657*x(1)*x(1)*x(2) + 85.2604*x(1)*x(2) - 77.6915*x(1)*x(1)*x(1) - 52.2832*x(1)*x(2)*x(2) - 42.0672*x(1)*x(1) + 13.8217*x(2)*x(2) - 0.861301*x(2)*x(2)*x(2)
dx(3)/dt = -0.0100002*x(3) - 4.30439e-06*x(1)*x(1)*x(2) + 2.16393e-06*x(1)*x(1)*x(1) + 1.67293e-06*x(1)*x(2)*x(2) + 1.48841e-06*x(2) + 1.47654e-06*x(1)*x(2) + 8.7724e-07*x(2)*x(2) - 5.13549e-07*x(1)*x(1) - 1.64354e-07*x(2)*x(2)*x(2) + 1.38241e-07*x(1)
