dx(1)/dt = -0.83685*x(1) + 2.18593*x(2) - 0.23321*x(1)*x(1) - 1.15016*x(1)*x(2) + 0.34047*x(2)*x(2) - 0.03991*x(1)*x(1)*x(1) - 4.80548*x(1)*x(2)*x(2) + 2.95146*x(2)*x(2)*x(2)
dx(2)/dt = 0.06419*1 - 2.23344*x(1) + 0.13826*x(2) - 0.85650*x(1)*x(1) + 0.21141*x(1)*x(2) + 0.10092*x(2)*x(2) + 1.66808*x(1)*x(1)*x(1) - 5.00387*x(1)*x(1)*x(2) - 0.51226*x(1)*x(2)*x(2) + 0.05735*x(2)*x(2)*x(2)
