batch_size: 1024
beta_align: 0.00014296113840237028
decayA_last_frac: 0.3
decayA_min_ratio: 0.2
depth: 7
dropout: 0.3
dt: 0.3
epochs_A: 120
epochs_B: 260
g_dim: 30
grad_clip: 1.0
lam_full: 1.3625987664260496e-07
lam_g: 2.1722177929211236e-06
lam_phi: 3.0e-10
lrA: 0.002
lrB_end: 0.0003
lrB_start: 0.003
polyorder: 7
rollout_B: 16
width: 128
