dx(1)/dt = -0.00798*x(1) +0.99411*x(2) -1.20545*x(3) -0.02235*x(4) +0.31234*x(1)*x(1) +0.02038*x(1)*x(2) +0.34832*x(1)*x(3) +0.05545*x(1)*x(4) +0.00224*x(2)*x(2) +0.33289*x(2)*x(3) -0.11110*x(2)*x(4) +5.89714*x(3)*x(3) -0.08036*x(3)*x(4) +1.09964*x(4)*x(4) -0.04702*x(1)*x(1)*x(1) -0.07959*x(1)*x(1)*x(2) -1.23438*x(1)*x(1)*x(3) +0.04790*x(1)*x(1)*x(4) +0.08606*x(1)*x(2)*x(2) -0.20077*x(1)*x(2)*x(3) -1.06129*x(1)*x(2)*x(4) -0.19220*x(1)*x(3)*x(3) +0.85146*x(1)*x(3)*x(4) -0.70068*x(1)*x(4)*x(4) +0.00485*x(2)*x(2)*x(2) +0.93040*x(2)*x(2)*x(3) -0.02209*x(2)*x(2)*x(4) -2.59743*x(2)*x(3)*x(3) +1.80796*x(2)*x(3)*x(4) -0.08485*x(2)*x(4)*x(4) -4.42147*x(3)*x(3)*x(3) +0.73620*x(3)*x(3)*x(4) -1.22525*x(3)*x(4)*x(4) +0.11390*x(4)*x(4)*x(4)
dx(2)/dt = +0.68878*x(1) +0.18626*x(2) +23.91036*x(3) +2.04133*x(4) -4.74070*x(1)*x(1) -1.26070*x(1)*x(2) -20.51092*x(1)*x(3) -2.66101*x(1)*x(4) -0.11132*x(2)*x(2) -12.17371*x(2)*x(3) +8.69443*x(2)*x(4) -135.71366*x(3)*x(3) -7.15741*x(3)*x(4) -17.65065*x(4)*x(4) +0.98946*x(1)*x(1)*x(1) +2.80672*x(1)*x(1)*x(2) +17.59344*x(1)*x(1)*x(3) -1.14657*x(1)*x(1)*x(4) -6.48181*x(1)*x(2)*x(2) +12.50936*x(1)*x(2)*x(3) +10.14777*x(1)*x(2)*x(4) +30.60263*x(1)*x(3)*x(3) -2.06189*x(1)*x(3)*x(4) +52.45485*x(1)*x(4)*x(4) -0.14954*x(2)*x(2)*x(2) -4.69576*x(2)*x(2)*x(3) +0.62188*x(2)*x(2)*x(4) +28.74472*x(2)*x(3)*x(3) -128.41307*x(2)*x(3)*x(4) +4.39942*x(2)*x(4)*x(4) +178.65618*x(3)*x(3)*x(3) -29.10495*x(3)*x(3)*x(4) +38.67608*x(3)*x(4)*x(4) -5.92018*x(4)*x(4)*x(4)
dx(3)/dt = -0.00000*x(1) -0.00030*x(2) -0.08775*x(3) +0.95359*x(4) +0.01519*x(1)*x(1) +0.02169*x(1)*x(2) -0.10205*x(1)*x(3) -0.00447*x(1)*x(4) -0.00830*x(2)*x(2) +0.02379*x(2)*x(3) -0.00691*x(2)*x(4) +1.11615*x(3)*x(3) +0.56662*x(3)*x(4) -0.21074*x(4)*x(4) +0.02370*x(1)*x(1)*x(1) -0.00574*x(1)*x(1)*x(2) -0.10744*x(1)*x(1)*x(3) -0.03757*x(1)*x(1)*x(4) +0.00252*x(1)*x(2)*x(2) -0.09899*x(1)*x(2)*x(3) -0.00000*x(1)*x(2)*x(4) +0.12089*x(1)*x(3)*x(3) +0.26618*x(1)*x(3)*x(4) -0.09406*x(1)*x(4)*x(4) +0.00039*x(2)*x(2)*x(2) +0.24214*x(2)*x(2)*x(3) -0.00000*x(2)*x(2)*x(4) -0.64870*x(2)*x(3)*x(3) +0.26590*x(2)*x(3)*x(4) +0.01177*x(2)*x(4)*x(4) -1.34475*x(3)*x(3)*x(3) -0.96795*x(3)*x(3)*x(4) +0.30365*x(3)*x(4)*x(4) -0.00000*x(4)*x(4)*x(4)
dx(4)/dt = +0.04178*x(1) -0.02097*x(2) +3.44554*x(3) +2.07157*x(4) -0.36141*x(1)*x(1) -0.81817*x(1)*x(2) +2.19248*x(1)*x(3) -0.76122*x(1)*x(4) +0.51574*x(2)*x(2) +2.14367*x(2)*x(3) -0.40583*x(2)*x(4) -55.94969*x(3)*x(3) -43.41756*x(3)*x(4) +13.99107*x(4)*x(4) -0.64144*x(1)*x(1)*x(1) +0.35444*x(1)*x(1)*x(2) +2.37693*x(1)*x(1)*x(3) -0.63901*x(1)*x(1)*x(4) +0.15617*x(1)*x(2)*x(2) +17.74042*x(1)*x(2)*x(3) +0.51540*x(1)*x(2)*x(4) -1.66825*x(1)*x(3)*x(3) +2.78512*x(1)*x(3)*x(4) -2.62546*x(1)*x(4)*x(4) +0.01220*x(2)*x(2)*x(2) -16.47126*x(2)*x(2)*x(3) -0.39843*x(2)*x(2)*x(4) -11.15944*x(2)*x(3)*x(3) +7.61225*x(2)*x(3)*x(4) -0.89232*x(2)*x(4)*x(4) +92.39872*x(3)*x(3)*x(3) +72.78077*x(3)*x(3)*x(4) -24.35819*x(3)*x(4)*x(4) +1.81967*x(4)*x(4)*x(4)
