batch_size: 1024
beta_align: 0.002812679218199001
decayA_last_frac: 0.3
decayA_min_ratio: 0.2
depth: 3
dropout: 0.2
dt: 2
epochs_A: 70
epochs_B: 220
g_dim: 63
grad_clip: 1.0
lam_full: 4.223087055879797e-07
lam_g: 2.1487772349553575e-05
lam_phi: 3.0e-10
lrA: 0.002
lrB_end: 0.0003
lrB_start: 0.003
polyorder: 1
rollout_B: 2
width: 64
