dt: 0.2
polyorder: 5
g_dim: 45
width: 160
depth: 5
dropout: 0.05
epochs_A: 140
epochs_B: 280
lrA: 0.002
lrB_start: 0.003
lrB_end: 0.0003
decayA_last_frac: 0.3
decayA_min_ratio: 0.2
lam_phi: 3.0e-10
lam_g: 2.625933448875941e-06
lam_full: 2.5864663132401934e-06
rollout_B: 16
beta_align: 0.0016090786191525117
batch_size: 1024
grad_clip: 1.0
