dx(1)/dt = -0.00386*x(1) -2.99159*x(2) +0.00062*x(1)*x(1) -0.00678*x(1)*x(2) -0.00683*x(2)*x(2) -0.93233*x(1)*x(1)*x(1) +0.28886*x(1)*x(1)*x(2) -0.87952*x(1)*x(2)*x(2) +0.28443*x(2)*x(2)*x(2) -0.01765*x(1)*x(1)*x(1)*x(1) +0.07197*x(1)*x(1)*x(1)*x(2) +0.08730*x(1)*x(1)*x(2)*x(2) +0.04567*x(1)*x(2)*x(2)*x(2) +0.06666*x(2)*x(2)*x(2)*x(2) -0.03229*x(1)*x(1)*x(1)*x(1)*x(1) -0.69691*x(1)*x(1)*x(1)*x(1)*x(2) -0.18731*x(1)*x(1)*x(1)*x(2)*x(2) -1.61524*x(1)*x(1)*x(2)*x(2)*x(2) -0.27102*x(1)*x(2)*x(2)*x(2)*x(2) -0.83329*x(2)*x(2)*x(2)*x(2)*x(2) +0.09916*x(1)*x(1)*x(1)*x(1)*x(1)*x(1) -0.36717*x(1)*x(1)*x(1)*x(1)*x(1)*x(2) -0.38767*x(1)*x(1)*x(1)*x(1)*x(2)*x(2) +0.03918*x(1)*x(1)*x(1)*x(2)*x(2)*x(2) -0.19497*x(1)*x(1)*x(2)*x(2)*x(2)*x(2) -0.17236*x(1)*x(2)*x(2)*x(2)*x(2)*x(2) -0.23023*x(2)*x(2)*x(2)*x(2)*x(2)*x(2) -0.05296*x(1)*x(1)*x(1)*x(1)*x(1)*x(1)*x(1) +0.59294*x(1)*x(1)*x(1)*x(1)*x(1)*x(1)*x(2) -0.21648*x(1)*x(1)*x(1)*x(1)*x(1)*x(2)*x(2) +1.68092*x(1)*x(1)*x(1)*x(1)*x(2)*x(2)*x(2) -0.19531*x(1)*x(1)*x(1)*x(2)*x(2)*x(2)*x(2) +2.04925*x(1)*x(1)*x(2)*x(2)*x(2)*x(2)*x(2) +0.29438*x(1)*x(2)*x(2)*x(2)*x(2)*x(2)*x(2) +0.85815*x(2)*x(2)*x(2)*x(2)*x(2)*x(2)*x(2)
dx(2)/dt = +2.98840*x(1) -0.00256*x(2) +0.00360*x(1)*x(1) -0.00906*x(1)*x(2) -0.00175*x(2)*x(2) -0.25293*x(1)*x(1)*x(1) -0.91742*x(1)*x(1)*x(2) -0.25105*x(1)*x(2)*x(2) -0.94706*x(2)*x(2)*x(2) -0.02014*x(1)*x(1)*x(1)*x(1) +0.11454*x(1)*x(1)*x(1)*x(2) -0.00369*x(1)*x(1)*x(2)*x(2) +0.01460*x(1)*x(2)*x(2)*x(2) +0.02656*x(2)*x(2)*x(2)*x(2) +0.73170*x(1)*x(1)*x(1)*x(1)*x(1) -0.08740*x(1)*x(1)*x(1)*x(1)*x(2) +1.36062*x(1)*x(1)*x(1)*x(2)*x(2) -0.13472*x(1)*x(1)*x(2)*x(2)*x(2) +0.64296*x(1)*x(2)*x(2)*x(2)*x(2) +0.02767*x(2)*x(2)*x(2)*x(2)*x(2) +0.01735*x(1)*x(1)*x(1)*x(1)*x(1)*x(1) -0.40784*x(1)*x(1)*x(1)*x(1)*x(1)*x(2) -0.05706*x(1)*x(1)*x(1)*x(1)*x(2)*x(2) -0.17569*x(1)*x(1)*x(1)*x(2)*x(2)*x(2) +0.05986*x(1)*x(1)*x(2)*x(2)*x(2)*x(2) +0.02896*x(1)*x(2)*x(2)*x(2)*x(2)*x(2) -0.11983*x(2)*x(2)*x(2)*x(2)*x(2)*x(2) -0.69240*x(1)*x(1)*x(1)*x(1)*x(1)*x(1)*x(1) +0.01960*x(1)*x(1)*x(1)*x(1)*x(1)*x(1)*x(2) -1.83555*x(1)*x(1)*x(1)*x(1)*x(1)*x(2)*x(2) -0.24534*x(1)*x(1)*x(1)*x(1)*x(2)*x(2)*x(2) -1.23945*x(1)*x(1)*x(1)*x(2)*x(2)*x(2)*x(2) -0.34566*x(1)*x(1)*x(2)*x(2)*x(2)*x(2)*x(2) -0.62227*x(1)*x(2)*x(2)*x(2)*x(2)*x(2)*x(2) -0.12138*x(2)*x(2)*x(2)*x(2)*x(2)*x(2)*x(2)
