dx(1)/dt = -4.78918·x(1) +6.13172·x(2) +0.11099·x(1)*x(1) -0.50022·x(1)*x(2) -0.10390·x(2)*x(2) +13.70801·x(1)*x(1)*x(1) -9.83876·x(1)*x(1)*x(2) +12.99870·x(1)*x(2)*x(2) -12.20124·x(2)*x(2)*x(2) -0.96257·x(1)*x(1)*x(1)*x(1) +1.14002·x(1)*x(1)*x(1)*x(2) -0.04960·x(1)*x(1)*x(2)*x(2) +2.00314·x(1)*x(2)*x(2)*x(2) +0.02516·x(2)*x(2)*x(2)*x(2) -10.73607·x(1)*x(1)*x(1)*x(1)*x(1) +6.78405·x(1)*x(1)*x(1)*x(1)*x(2) -26.09321·x(1)*x(1)*x(1)*x(2)*x(2) +19.51489·x(1)*x(1)*x(2)*x(2)*x(2) -9.99153·x(1)*x(2)*x(2)*x(2)*x(2) +10.46688·x(2)*x(2)*x(2)*x(2)*x(2)
dx(2)/dt = -6.29390·x(1) -4.55116·x(2) -0.62522·x(1)*x(1) -1.03418·x(1)*x(2) +0.15474·x(2)*x(2) +11.95651·x(1)*x(1)*x(1) +13.65390·x(1)*x(1)*x(2) +11.91544·x(1)*x(2)*x(2) +12.39779·x(2)*x(2)*x(2) +1.77701·x(1)*x(1)*x(1)*x(1) +3.61226·x(1)*x(1)*x(1)*x(2) +1.16683·x(1)*x(1)*x(2)*x(2) +1.90297·x(1)*x(2)*x(2)*x(2) +0.05910·x(2)*x(2)*x(2)*x(2) -9.43350·x(1)*x(1)*x(1)*x(1)*x(1) -10.89121·x(1)*x(1)*x(1)*x(1)*x(2) -22.34615·x(1)*x(1)*x(1)*x(2)*x(2) -27.31179·x(1)*x(1)*x(2)*x(2)*x(2) -9.73075·x(1)*x(2)*x(2)*x(2)*x(2) -8.47187·x(2)*x(2)*x(2)*x(2)*x(2)
