batch_size: 1024
beta_align: 0.002645157673600748
decayA_last_frac: 0.3
decayA_min_ratio: 0.2
depth: 5
dropout: 0.09999999999999998
dt: 0.1
epochs_A: 150
epochs_B: 340
g_dim: 30
grad_clip: 1.0
lam_full: 3.522136204928253e-06
lam_g: 2.2364511514215904e-06
lam_phi: 3.0e-10
lrA: 0.002
lrB_end: 0.0003
lrB_start: 0.003
polyorder: 7
rollout_B: 16
width: 96
