dx(1)/dt = 2.51022*x(2) - 0.937292*x(1) - 0.626442*x(1)*x(2) - 0.61524*x(1)*x(1)*x(2) - 0.593086*x(1)*x(2)*x(2) - 0.525371*x(2)*x(2)*x(2) - 0.33799*x(1)*x(1)*x(1) - 0.216788*x(1)*x(1) + 0.0150633*x(2)*x(2) + 0.000760634*1
dx(2)/dt = -2.51195*x(1)*x(2)*x(2) - 2.27744*x(1) - 0.690968*x(1)*x(1)*x(1) - 0.268885*x(2)*x(2)*x(2) - 0.267745*x(2)*x(2) - 0.144792*x(1)*x(2) - 0.0986881*x(1)*x(1)*x(2) + 0.0697583*1 - 0.0656378*x(1)*x(1) + 0.0114746*x(2)
