dx(1)/dt = -3.00043*x(2) - 1.00544*x(1)*x(1)*x(1) - 0.994335*x(1)*x(2)*x(2) - 0.059475*x(1)*x(1)*x(1)*x(2) + 0.05642*x(1)*x(1)*x(1)*x(2)*x(2)*x(2) - 0.041142*x(1)*x(2)*x(2)*x(2) - 0.037134*x(1)*x(2)*x(2)*x(2)*x(2) + 0.0369946*x(1)*x(1)*x(1)*x(1) + 0.0329399*x(1)*x(1)*x(2)*x(2) - 0.031799*x(1)*x(1)*x(1)*x(1)*x(2) + 0.0301537*x(1)*x(1)*x(1)*x(2)*x(2)*x(2)*x(2) + 0.0283702*x(1)*x(1)*x(1)*x(1)*x(1)*x(2)
dx(2)/dt = 3.00002*x(1) - 1.0185*x(1)*x(1)*x(2) - 1.00664*x(2)*x(2)*x(2) + 0.080813*x(1)*x(1)*x(1)*x(1)*x(2) + 0.0793431*x(1)*x(1)*x(2)*x(2)*x(2) - 0.0731852*x(1)*x(1)*x(1)*x(1)*x(2)*x(2)*x(2) - 0.039469*x(1)*x(1)*x(2)*x(2) + 0.0361676*x(1)*x(1)*x(1)*x(1)*x(2)*x(2) - 0.0323502*x(1)*x(1)*x(1)*x(1)*x(1)*x(1)*x(2) - 0.0319624*x(2)*x(2)*x(2)*x(2) - 0.0272065*x(1)*x(1)*x(2)*x(2)*x(2)*x(2)*x(2) + 0.0204292*x(1)*x(1)*x(2)*x(2)*x(2)*x(2)
