dx(1)/dt = -0.785442*x(1) + 1.99054*x(1)*x(1).0*x(2) - 94.395175000388*x(1)*x(1)*x(1)*x(1)*x(1).0*x(2) - 179.680906853884*x(1)*x(1)*x(1)*x(1)*x(1)*x(1).0*x(2) - 3.337857*x(2)*(-x(1))**3.0 + 2.256492*x(2) + 0.447445*(-x(2))**3.0 - 0.003751
dx(2)/dt = -25.87251134028*x(1)*x(1)*x(2)*x(2)*x(2).0 + 0.112678*x(1)*x(2) + 0.944319*x(1)*x(2)*x(2).0 - 4.3810012936*x(1)*x(2)*x(2)*x(2).0 - 2.249288*x(1) - 2.078647*x(1)*x(1).0*x(2)*x(2).0 + 0.111316*x(2) + 0.06498
