dx0/dt = -0.785442*x0 + 1.99054*x0**2.0*x1 - 181.249988*x0**5.0*x1*(0.991343*x0 + 0.520801) - 3.337857*x1*(-x0)**3.0 + 2.256492*x1 + 0.447445*(-x1)**3.0 - 0.003751
dx1/dt = 0.112678*x0*x1 + 0.944319*x0*x1**2.0 + 1.06588*x0*x1**3.0*(-24.273381*x0 - 4.11022) - 2.249288*x0 - 2.078647*x0**2.0*x1**2.0 + 0.111316*x1 + 0.06498
