dx(1)/dt = -1.08227·x(1) +0.15752·x(2) +0.23739·x(1)*x(1) -0.62563·x(1)*x(2) -0.00987·x(2)*x(2)
dx(2)/dt = +1.19108·x(1) -0.51338·x(2) -0.26720·x(1)*x(1) +0.64816·x(1)*x(2) +0.01250·x(2)*x(2)
