dt: 0.5
polyorder: 5
g_dim: 45
width: 160
depth: 5
dropout: 0.05
epochs_A: 150
epochs_B: 240
lrA: 0.002
lrB_start: 0.003
lrB_end: 0.0003
decayA_last_frac: 0.3
decayA_min_ratio: 0.2
lam_phi: 3.0e-10
lam_g: 2.4148089556652746e-05
lam_full: 3.893054277512611e-07
rollout_B: 16
beta_align: 0.09997922928917723
batch_size: 1024
grad_clip: 1.0
