dx(1)/dt = -0.64043·x(1) +0.00000·x(2) -0.00000·x(1)*x(1) -11.81751·x(1)*x(2) +0.00000·x(2)*x(2)
dx(2)/dt = +5.51564·x(1) -9.41049·x(2) -4.32841·x(1)*x(1) +11.58178·x(1)*x(2) +0.00079·x(2)*x(2)
