dx(1)/dt = -2.66893*x(1)*x(2)*x(2) + 2.1434*x(1) - 1.88754*x(1)*x(1)*x(1) + 0.878218*x(2) + 0.7192*x(1)*x(1)*x(1)*x(2)*x(2) + 0.61676*x(1)*x(1)*x(2) + 0.363949*x(1)*x(2)*x(2)*x(2)*x(2) + 0.341391*x(2)*x(2)*x(2) - 0.259429*x(1)*x(1)*x(2)*x(2)*x(2) - 0.229317*x(1)*x(1)*x(1)*x(1)*x(1) + 0.138127*x(2)*x(2)*x(2)*x(2)*x(2) - 0.104593*x(1)*x(1)*x(1)*x(1)*x(2) + 0.0352754*x(1)*x(1)*x(1)*x(1) - 0.0344943*x(1)*x(1) - 0.0324124*x(1)*x(2) + 0.029446*x(1)*x(1)*x(1)*x(2) + 0.015488*x(2)*x(2) - 0.0148997*x(1)*x(1)*x(2)*x(2) + 0.0117555*x(1)*x(2)*x(2)*x(2) - 0.0107244*x(2)*x(2)*x(2)*x(2)
dx(2)/dt = -2.97146*x(1)*x(1)*x(2) + 2.46341*x(2) - 2.39622*x(2)*x(2)*x(2) + 0.890047*x(1)*x(1)*x(2)*x(2)*x(2) - 0.806503*x(1) - 0.723108*x(1)*x(2)*x(2) - 0.441979*x(1)*x(1)*x(1) + 0.371661*x(1)*x(1)*x(1)*x(1)*x(2) + 0.256194*x(1)*x(1)*x(1)*x(2)*x(2) + 0.123792*x(1)*x(2)*x(2)*x(2)*x(2) - 0.107537*x(1)*x(1)*x(1)*x(1)*x(1) - 0.0422791*x(2)*x(2)*x(2)*x(2)*x(2) + 0.0345782*x(1)*x(1)*x(1)*x(1) - 0.0313575*x(1)*x(1) - 0.0177817*x(2)*x(2)*x(2)*x(2) + 0.0149582*x(2)*x(2)
