dx(1)/dt = 2.4001*x(2) - 1.29469*x(1)*x(2)*x(2) + 1.13336*x(1) - 1.12738*x(1)*x(1)*x(1) + 0.395758*x(1)*x(1)*x(2) - 0.259913*x(1)*x(1)*x(2)*x(2)*x(2) + 0.238767*x(2)*x(2)*x(2) + 0.223597*x(1)*x(1)*x(1)*x(2)*x(2) + 0.127284*x(1)*x(2)*x(2)*x(2)*x(2) - 0.0667586*x(1)*x(1)*x(1)*x(1)*x(2) + 0.0435394*x(2)*x(2)*x(2)*x(2)*x(2)
dx(2)/dt = -2.40328*x(1) - 1.34567*x(1)*x(1)*x(2) - 1.23613*x(2)*x(2)*x(2) + 1.19683*x(2) - 0.392302*x(1)*x(2)*x(2) + 0.249853*x(1)*x(1)*x(2)*x(2)*x(2) + 0.237615*x(1)*x(1)*x(1)*x(2)*x(2) - 0.234856*x(1)*x(1)*x(1) + 0.122974*x(1)*x(1)*x(1)*x(1)*x(2) + 0.0704818*x(1)*x(2)*x(2)*x(2)*x(2) - 0.0443775*x(1)*x(1)*x(1)*x(1)*x(1) + 0.044091*x(2)*x(2)*x(2)*x(2)*x(2)
