dx(1)/dt = -2.92947*x(1)*x(2)*x(2) + 2.31829*x(1) - 1.98837*x(1)*x(1)*x(1) + 0.909454*x(1)*x(1)*x(1)*x(2)*x(2) - 0.375073*x(2)*x(2)*x(2) + 0.365227*x(1)*x(2)*x(2)*x(2)*x(2) + 0.338454*x(2) - 0.308921*x(1)*x(1)*x(1)*x(1)*x(1) + 0.189312*x(2)*x(2)*x(2)*x(2)*x(2) - 0.0788502*x(1)*x(1)*x(2) - 0.0516375*x(1)*x(1) + 0.0450807*x(2)*x(2) - 0.0419947*x(2)*x(2)*x(2)*x(2) + 0.0367534*x(1)*x(1)*x(1)*x(1) - 0.0318591*x(1)*x(1)*x(2)*x(2)*x(2) + 0.0309717*x(1)*x(1)*x(1)*x(1)*x(2) + 0.0208887*x(1)*x(1)*x(2)*x(2) + 0.0167633*x(1)*x(1)*x(1)*x(2) - 0.0121698*x(1)*x(2)
dx(2)/dt = -3.27013*x(1)*x(1)*x(2) + 2.62546*x(2) - 2.4571*x(2)*x(2)*x(2) + 1.07308*x(1)*x(1)*x(2)*x(2)*x(2) + 0.409896*x(1)*x(1)*x(1)*x(1)*x(2) - 0.222881*x(1)*x(2)*x(2) - 0.133405*x(2)*x(2)*x(2)*x(2)*x(2) + 0.118127*x(1)*x(1)*x(1)*x(2)*x(2) - 0.0655006*x(1) - 0.053405*x(1)*x(1)*x(1)*x(1)*x(1) - 0.0264208*x(1)*x(1)*x(1) - 0.0248458*x(1)*x(1) + 0.0229684*x(1)*x(1)*x(1)*x(1) + 0.0218182*x(1)*x(2) - 0.0207348*x(1)*x(2)*x(2)*x(2) - 0.017761*x(2)*x(2)*x(2)*x(2) + 0.0165194*x(2)*x(2) + 0.0150265*x(1)*x(2)*x(2)*x(2)*x(2) - 0.0140085*x(1)*x(1)*x(1)*x(2) + 0.0104068*x(1)*x(1)*x(2)*x(2)
