dx(1)/dt = -1.88726*x(1)*x(2)*x(2) + 1.57647*x(2) + 1.57614*x(1) - 1.44688*x(1)*x(1)*x(1) + 0.725857*x(1)*x(1)*x(2) + 0.465136*x(1)*x(1)*x(1)*x(2)*x(2) + 0.455412*x(2)*x(2)*x(2) - 0.335232*x(1)*x(1)*x(2)*x(2)*x(2) + 0.227317*x(1)*x(2)*x(2)*x(2)*x(2) - 0.130799*x(1)*x(1)*x(1)*x(1)*x(2) - 0.120031*x(1)*x(1)*x(1)*x(1)*x(1) + 0.090616*x(2)*x(2)*x(2)*x(2)*x(2)
dx(2)/dt = -2.03865*x(1)*x(1)*x(2) + 1.72026*x(2) - 1.67624*x(2)*x(2)*x(2) - 1.56262*x(1) - 0.738025*x(1)*x(2)*x(2) + 0.563008*x(1)*x(1)*x(2)*x(2)*x(2) - 0.455397*x(1)*x(1)*x(1) + 0.316752*x(1)*x(1)*x(1)*x(2)*x(2) + 0.21211*x(1)*x(1)*x(1)*x(1)*x(2) + 0.125898*x(1)*x(2)*x(2)*x(2)*x(2) - 0.100112*x(1)*x(1)*x(1)*x(1)*x(1) - 0.0344173*x(2)*x(2)*x(2)*x(2)*x(2) + 0.0203886*x(1)*x(1)*x(1)*x(1) + 0.0203102*x(2)*x(2) - 0.0198833*x(2)*x(2)*x(2)*x(2) - 0.0180487*x(1)*x(1)
