dx(1)/dt = 2.90881*x(2) - 1.09117*x(1)*x(2)*x(2) - 1.07648*x(1)*x(1)*x(1) + 1.04347*x(1) + 0.117442*x(1)*x(1)*x(2) + 0.110032*x(1)*x(1)*x(1)*x(2)*x(2) - 0.0672413*x(1)*x(1)*x(2)*x(2)*x(2) - 0.0561234*x(1)*x(1)*x(1)*x(1)*x(2) + 0.0551169*x(2)*x(2)*x(2) + 0.0298047*x(1)*x(1)*x(1)*x(1)*x(1) + 0.0242007*x(1)*x(2)*x(2)*x(2)*x(2)
dx(2)/dt = -2.91101*x(1) - 1.0889*x(1)*x(1)*x(2) - 1.07521*x(2)*x(2)*x(2) + 1.04235*x(2) - 0.113049*x(1)*x(2)*x(2) + 0.111146*x(1)*x(1)*x(2)*x(2)*x(2) + 0.0599111*x(1)*x(1)*x(1)*x(2)*x(2) + 0.0560504*x(1)*x(2)*x(2)*x(2)*x(2) - 0.0521428*x(1)*x(1)*x(1) + 0.0292881*x(2)*x(2)*x(2)*x(2)*x(2) + 0.0212288*x(1)*x(1)*x(1)*x(1)*x(2)
