dx(1)/dt = -5.41421*x(1) - 0.01492*x(2) + 0.63663*x(1)*x(1) + 0.38677*x(1)*x(2) + 0.00975*x(2)*x(2)
dx(2)/dt = 6.27393*x(1) - 0.29498*x(2) - 0.74138*x(1)*x(1) - 0.50449*x(1)*x(2) - 0.01209*x(2)*x(2)
