batch_size: 1024
beta_align: 0.016759251118936003
decayA_last_frac: 0.3
decayA_min_ratio: 0.2
depth: 3
dropout: 0.15000000000000002
dt: 2
epochs_A: 60
epochs_B: 240
g_dim: 63
grad_clip: 1.0
lam_full: 9.038882079793761e-06
lam_g: 8.796325922232925e-06
lam_phi: 3.0e-10
lrA: 0.002
lrB_end: 0.0003
lrB_start: 0.003
polyorder: 1
rollout_B: 2
width: 192
