dx(1)/dt = +1.00088*x(1) +3.00134*x(2) +0.00049*x(1)*x(1) -0.00000*x(1)*x(2) -0.00050*x(2)*x(2) -1.00265*x(1)*x(1)*x(1) -0.00000*x(1)*x(1)*x(2) -1.00034*x(1)*x(2)*x(2) -0.00000*x(2)*x(2)*x(2) -0.00047*x(1)*x(1)*x(1)*x(1) +0.00000*x(1)*x(1)*x(1)*x(2) +0.00000*x(1)*x(1)*x(2)*x(2) -0.00000*x(1)*x(2)*x(2)*x(2) +0.00047*x(2)*x(2)*x(2)*x(2) +0.00201*x(1)*x(1)*x(1)*x(1)*x(1) -0.00541*x(1)*x(1)*x(1)*x(1)*x(2) +0.00080*x(1)*x(1)*x(1)*x(2)*x(2) -0.00325*x(1)*x(1)*x(2)*x(2)*x(2) -0.00121*x(1)*x(2)*x(2)*x(2)*x(2) +0.00216*x(2)*x(2)*x(2)*x(2)*x(2)
dx(2)/dt = -3.00114*x(1) +1.00048*x(2) +0.00127*x(1)*x(1) -0.00000*x(1)*x(2) -0.00127*x(2)*x(2) +0.00000*x(1)*x(1)*x(1) -0.99876*x(1)*x(1)*x(2) +0.00000*x(1)*x(2)*x(2) -1.00205*x(2)*x(2)*x(2) -0.00126*x(1)*x(1)*x(1)*x(1) -0.00000*x(1)*x(1)*x(1)*x(2) +0.00000*x(1)*x(1)*x(2)*x(2) +0.00000*x(1)*x(2)*x(2)*x(2) +0.00125*x(2)*x(2)*x(2)*x(2) -0.00215*x(1)*x(1)*x(1)*x(1)*x(1) -0.00214*x(1)*x(1)*x(1)*x(1)*x(2) +0.00325*x(1)*x(1)*x(1)*x(2)*x(2) -0.00042*x(1)*x(1)*x(2)*x(2)*x(2) +0.00539*x(1)*x(2)*x(2)*x(2)*x(2) +0.00172*x(2)*x(2)*x(2)*x(2)*x(2)
