dt: 1.1
polyorder: 5
g_dim: 45
width: 64
depth: 4
dropout: 0.45
epochs_A: 90
epochs_B: 140
lrA: 0.002
lrB_start: 0.003
lrB_end: 0.0003
decayA_last_frac: 0.3
decayA_min_ratio: 0.2
lam_phi: 3.0e-10
lam_g: 5.136090547247799e-06
lam_full: 9.063515960943416e-07
rollout_B: 16
beta_align: 0.0333854970875894
batch_size: 1024
grad_clip: 1.0
