batch_size: 1024
beta_align: 0.00036466730801391895
decayA_last_frac: 0.3
decayA_min_ratio: 0.2
depth: 6
dropout: 0.19999999999999998
dt: 0.6
epochs_A: 150
epochs_B: 240
g_dim: 30
grad_clip: 1.0
lam_full: 3.1714467723171068e-06
lam_g: 6.412390257605368e-06
lam_phi: 3.0e-10
lrA: 0.002
lrB_end: 0.0003
lrB_start: 0.003
polyorder: 7
rollout_B: 16
width: 128
