dx(1)/dt = +1.04329*x(1) +2.91081*x(2) +0.00179*x(1)*x(1) -0.00000*x(1)*x(2) -0.00097*x(2)*x(2) -1.07630*x(1)*x(1)*x(1) +0.11574*x(1)*x(1)*x(2) -1.09081*x(1)*x(2)*x(2) +0.05154*x(2)*x(2)*x(2) -0.00130*x(1)*x(1)*x(1)*x(1) +0.00000*x(1)*x(1)*x(1)*x(2) -0.00246*x(1)*x(1)*x(2)*x(2) -0.00000*x(1)*x(2)*x(2)*x(2) +0.00134*x(2)*x(2)*x(2)*x(2) +0.02981*x(1)*x(1)*x(1)*x(1)*x(1) -0.05574*x(1)*x(1)*x(1)*x(1)*x(2) +0.10979*x(1)*x(1)*x(1)*x(2)*x(2) -0.06664*x(1)*x(1)*x(2)*x(2)*x(2) +0.02412*x(1)*x(2)*x(2)*x(2)*x(2) +0.00156*x(2)*x(2)*x(2)*x(2)*x(2)
dx(2)/dt = -2.91301*x(1) +1.04230*x(2) -0.00219*x(1)*x(1) +0.00000*x(1)*x(2) +0.00163*x(2)*x(2) -0.04839*x(1)*x(1)*x(1) -1.08872*x(1)*x(1)*x(2) -0.11152*x(1)*x(2)*x(2) -1.07524*x(2)*x(2)*x(2) +0.00149*x(1)*x(1)*x(1)*x(1) +0.00000*x(1)*x(1)*x(1)*x(2) +0.00164*x(1)*x(1)*x(2)*x(2) +0.00000*x(1)*x(2)*x(2)*x(2) -0.00165*x(2)*x(2)*x(2)*x(2) -0.00171*x(1)*x(1)*x(1)*x(1)*x(1) +0.02119*x(1)*x(1)*x(1)*x(1)*x(2) +0.05948*x(1)*x(1)*x(1)*x(2)*x(2) +0.11096*x(1)*x(1)*x(2)*x(2)*x(2) +0.05576*x(1)*x(2)*x(2)*x(2)*x(2) +0.02937*x(2)*x(2)*x(2)*x(2)*x(2)
