dx(1)/dt = -27.36462*x(1) +149.24553*x(2) +47.77949*x(3) +216.29679*x(1)*x(1) +323.28156*x(1)*x(2) -348.91207*x(1)*x(3) +1461.07377*x(2)*x(2) -477.83851*x(2)*x(3) -82.50695*x(3)*x(3) +49.38273*x(1)*x(1)*x(1) -889.84211*x(1)*x(1)*x(2) +61.06154*x(1)*x(1)*x(3) -209.70593*x(1)*x(2)*x(2) -607.60466*x(1)*x(2)*x(3) -39.00035*x(1)*x(3)*x(3) +4310.84264*x(2)*x(2)*x(2) -144.13593*x(2)*x(2)*x(3) +179.82605*x(2)*x(3)*x(3) +64.49707*x(3)*x(3)*x(3)
dx(2)/dt = +100.67582*x(1) -316.56739*x(2) -80.95101*x(3) -50.15367*x(1)*x(1) -770.59205*x(1)*x(2) +65.38628*x(1)*x(3) -489.15715*x(2)*x(2) +713.73312*x(2)*x(3) +70.19225*x(3)*x(3) -116.15352*x(1)*x(1)*x(1) -157.77524*x(1)*x(1)*x(2) +10.86566*x(1)*x(1)*x(3) -1100.76104*x(1)*x(2)*x(2) +1266.19877*x(1)*x(2)*x(3) +126.96416*x(1)*x(3)*x(3) -1195.91209*x(2)*x(2)*x(2) +1018.43392*x(2)*x(2)*x(3) -384.18307*x(2)*x(3)*x(3) -102.52439*x(3)*x(3)*x(3)
dx(3)/dt = +0.00000*x(1) +0.00000*x(2) +0.00000*x(3) +0.00000*x(1)*x(1) +0.00000*x(1)*x(2) +0.00000*x(1)*x(3) +0.00000*x(2)*x(2) +0.00000*x(2)*x(3) +0.00000*x(3)*x(3) +0.00000*x(1)*x(1)*x(1) +0.00000*x(1)*x(1)*x(2) +0.00000*x(1)*x(1)*x(3) -0.00000*x(1)*x(2)*x(2) +0.00000*x(1)*x(2)*x(3) +0.00000*x(1)*x(3)*x(3) +0.00000*x(2)*x(2)*x(2) +0.00000*x(2)*x(2)*x(3) +0.00000*x(2)*x(3)*x(3) +0.00000*x(3)*x(3)*x(3)
