dx(1)/dt = +0.00183·1 -1.05841·x(1) +2.33588·x(2) +1.00577·x(1)*x(1) -0.00000·x(1)*x(2) -1.08741·x(2)*x(2) -14.17314·x(1)*x(1)*x(1) -11.64458·x(1)*x(1)*x(2) +46.72015·x(1)*x(2)*x(2) +0.00000·x(2)*x(2)*x(2)
dx(2)/dt = +0.07321·1 -2.52750·x(1) -0.00000·x(2) +1.28952·x(1)*x(1) -0.00000·x(1)*x(2) -1.84300·x(2)*x(2) -11.62531·x(1)*x(1)*x(1) -12.13313·x(1)*x(1)*x(2) +46.04460·x(1)*x(2)*x(2) +0.00000·x(2)*x(2)*x(2)
