dx(1)/dt = +0.00186·1 -1.05918·x(1) +2.33492·x(2) +1.00513·x(1)*x(1) -0.00000·x(1)*x(2) -1.08610·x(2)*x(2) -14.28249·x(1)*x(1)*x(1) -11.70051·x(1)*x(1)*x(2) +47.04399·x(1)*x(2)*x(2) +0.00000·x(2)*x(2)*x(2)
dx(2)/dt = +0.07324·1 -2.52819·x(1) -0.00000·x(2) +1.27816·x(1)*x(1) -0.00000·x(1)*x(2) -1.83357·x(2)*x(2) -11.74981·x(1)*x(1)*x(1) -12.32181·x(1)*x(1)*x(2) +46.57070·x(1)*x(2)*x(2) +0.00000·x(2)*x(2)*x(2)
