dx(1)/dt = -1.03562·x(1) +0.16123·x(2) +0.23750·x(1)*x(1) -0.64040·x(1)*x(2) -0.01008·x(2)*x(2)
dx(2)/dt = +1.13848·x(1) -0.50895·x(2) -0.26408·x(1)*x(1) +0.66001·x(1)*x(2) +0.01220·x(2)*x(2)
