dx(1)/dt = -0.00273·x(1) +0.16458·x(2) -0.25073·x(3) -0.04945·x(4) +0.07395·x(1)*x(1) +0.02327·x(1)*x(2) +0.27803·x(1)*x(3) +0.32029·x(1)*x(4) +0.00162·x(2)*x(2) -0.35561·x(2)*x(3) -0.14724·x(2)*x(4) +0.99882·x(3)*x(3) +1.25271·x(3)*x(4) +0.42604·x(4)*x(4) -0.04020·x(1)*x(1)*x(1) -0.07420·x(1)*x(1)*x(2) -0.22084·x(1)*x(1)*x(3) +0.18363·x(1)*x(1)*x(4) +0.06021·x(1)*x(2)*x(2) -1.08414·x(1)*x(2)*x(3) -0.47448·x(1)*x(2)*x(4) -0.68082·x(1)*x(3)*x(3) -1.44640·x(1)*x(3)*x(4) -0.23751·x(1)*x(4)*x(4) +0.00333·x(2)*x(2)*x(2) +0.27482·x(2)*x(2)*x(3) +0.02656·x(2)*x(2)*x(4) +2.48922·x(2)*x(3)*x(3) +1.16527·x(2)*x(3)*x(4) -0.00620·x(2)*x(4)*x(4) -1.22314·x(3)*x(3)*x(3) -1.20120·x(3)*x(3)*x(4) +0.67478·x(3)*x(4)*x(4) -0.23495·x(4)*x(4)*x(4)
dx(2)/dt = +0.15942·x(1) +0.12473·x(2) +15.06691·x(3) +2.97801·x(4) -4.44102·x(1)*x(1) -1.39870·x(1)*x(2) -16.54538·x(1)*x(3) -19.19641·x(1)*x(4) -0.09736·x(2)*x(2) +21.32451·x(2)*x(3) +8.79858·x(2)*x(4) -60.25607·x(3)*x(3) -75.22750·x(3)*x(4) -25.43146·x(4)*x(4) +2.39540·x(1)*x(1)*x(1) +4.44336·x(1)*x(1)*x(2) +13.29229·x(1)*x(1)*x(3) -10.99450·x(1)*x(1)*x(4) -3.59957·x(1)*x(2)*x(2) +64.98720·x(1)*x(2)*x(3) +28.42083·x(1)*x(2)*x(4) +40.50834·x(1)*x(3)*x(3) +86.99891·x(1)*x(3)*x(4) +14.37941·x(1)*x(4)*x(4) -0.20079·x(2)*x(2)*x(2) -16.51442·x(2)*x(2)*x(3) -1.59893·x(2)*x(2)*x(4) -150.01398·x(2)*x(3)*x(3) -70.03116·x(2)*x(3)*x(4) +0.38856·x(2)*x(4)*x(4) +74.13906·x(3)*x(3)*x(3) +72.30530·x(3)*x(3)*x(4) -40.86533·x(3)*x(4)*x(4) +14.08832·x(4)*x(4)*x(4)
dx(3)/dt = +0.00132·x(1) -0.00015·x(2) -0.04543·x(3) +0.15710·x(4) +0.00241·x(1)*x(1) +0.00320·x(1)*x(2) -0.05714·x(1)*x(3) -0.09226·x(1)*x(4) -0.00118·x(2)*x(2) +0.11018·x(2)*x(3) +0.00850·x(2)*x(4) +0.59686·x(3)*x(3) -0.02576·x(3)*x(4) -0.10740·x(4)*x(4) +0.01004·x(1)*x(1)*x(1) +0.02610·x(1)*x(1)*x(2) -0.03243·x(1)*x(1)*x(3) -0.03065·x(1)*x(1)*x(4) -0.00430·x(1)*x(2)*x(2) +0.07201·x(1)*x(2)*x(3) +0.03443·x(1)*x(2)*x(4) +0.09277·x(1)*x(3)*x(3) +0.30565·x(1)*x(3)*x(4) -0.08812·x(1)*x(4)*x(4) -0.00037·x(2)*x(2)*x(2) +0.06480·x(2)*x(2)*x(3) +0.01517·x(2)*x(2)*x(4) -0.60781·x(2)*x(3)*x(3) +0.19159·x(2)*x(3)*x(4) +0.00757·x(2)*x(4)*x(4) -1.31334·x(3)*x(3)*x(3) +0.61597·x(3)*x(3)*x(4) +0.19012·x(3)*x(4)*x(4) -0.13765·x(4)*x(4)*x(4)
dx(4)/dt = -0.07825·x(1) +0.00902·x(2) +2.70692·x(3) +0.58985·x(4) -0.14421·x(1)*x(1) -0.19311·x(1)*x(2) +3.36884·x(1)*x(3) +5.47834·x(1)*x(4) +0.07098·x(2)*x(2) -6.61164·x(2)*x(3) -0.48041·x(2)*x(4) -35.45086·x(3)*x(3) +0.99549·x(3)*x(4) +6.33381·x(4)*x(4) -0.58884·x(1)*x(1)*x(1) -1.53062·x(1)*x(1)*x(2) +1.89387·x(1)*x(1)*x(3) +1.81110·x(1)*x(1)*x(4) +0.24334·x(1)*x(2)*x(2) -4.16252·x(1)*x(2)*x(3) -1.97938·x(1)*x(2)*x(4) -5.50345·x(1)*x(3)*x(3) -18.28425·x(1)*x(3)*x(4) +5.27751·x(1)*x(4)*x(4) +0.02162·x(2)*x(2)*x(2) -3.93108·x(2)*x(2)*x(3) -0.91510·x(2)*x(2)*x(4) +36.46044·x(2)*x(3)*x(3) -11.53126·x(2)*x(3)*x(4) -0.44746·x(2)*x(4)*x(4) +78.26904·x(3)*x(3)*x(3) -35.18273·x(3)*x(3)*x(4) -11.32004·x(3)*x(4)*x(4) +8.29927·x(4)*x(4)*x(4)
