dx(1)/dt = 1.00158*x(2) - 0.0405798*x(1)*x(1)*x(2) - 0.0277072*x(1)
dx(2)/dt = -0.994169*x(1) - 0.673279*x(1)*x(1)*x(2) + 0.638323*x(2) + 0.0431706*x(1)*x(1)*x(1) + 0.022193*x(1)*x(1)*x(1)*x(1)*x(2) - 0.0204906*x(1)*x(2)*x(2)
