dx(1)/dt = -0.84035·x(1) -0.00000·x(2) -0.71432·x(1)*x(1) -11.68642·x(1)*x(2) -0.00000·x(2)*x(2)
dx(2)/dt = -1.40368·x(1) -9.39229·x(2) -6.83756·x(1)*x(1) +13.30929·x(1)*x(2) -0.00034·x(2)*x(2)
