dx(1)/dt = -5.49032*x(1) - 0.00841*x(2) + 0.63945*x(1)*x(1) + 0.40348*x(1)*x(2) + 0.00776*x(2)*x(2)
dx(2)/dt = 6.39945*x(1) - 0.30234*x(2) - 0.75225*x(1)*x(1) - 0.52628*x(1)*x(2) - 0.00996*x(2)*x(2)
