dx(1)/dt = -0.336855*x(1)*x(2) - 0.233229*x(1) - 0.0184153*x(1)*x(1) + 0.00168879*x(2) - 0.000225622*x(2)*x(2)
dx(2)/dt = 0.34006*x(1)*x(2) - 0.313728*x(2) + 0.196023*x(1) + 0.0212828*x(1)*x(1) + 8.1152e-05*x(2)*x(2)
