dx(1)/dt = -0.98756*x(1) +0.16482*x(2) +0.23741*x(1)*x(1) -0.65523*x(1)*x(2) -0.01029*x(2)*x(2)
dx(2)/dt = +1.08593*x(1) -0.50439*x(2) -0.26101*x(1)*x(1) +0.67197*x(1)*x(2) +0.01188*x(2)*x(2)
