dx(1)/dt = 14.4129*x(2) - 1.10396*x(1)*x(2) - 0.706969*x(2)*x(2) + 0.511632*x(1)*x(2)*x(2) - 0.274129*x(1)*x(1) - 0.204207*x(1)*x(1)*x(1) + 0.186406*x(1)*x(1)*x(1)*x(2) + 0.111268*x(2)*x(2)*x(2)*x(2) + 0.110337*x(2)*x(2)*x(2) + 0.0996347*x(1)*x(2)*x(2)*x(2) + 0.0970819*x(1) + 0.0234364*x(1)*x(1)*x(1)*x(1)
dx(2)/dt = -17.5155*x(1) - 1.42427*x(2)*x(2) - 1.4151*x(2) + 1.13042*x(1)*x(2) + 1.03413*x(1)*x(1) + 0.98089*x(1)*x(2)*x(2) + 0.662696*x(1)*x(1)*x(1) - 0.461067*x(1)*x(1)*x(1)*x(2) - 0.417805*x(1)*x(1)*x(2) + 0.412774*x(2)*x(2)*x(2) - 0.409313*x(1)*x(1)*x(1)*x(1) + 0.33917*x(2)*x(2)*x(2)*x(2)
