batch_size: 1024
beta_align: 0.08475074935076464
decayA_last_frac: 0.3
decayA_min_ratio: 0.2
depth: 3
dropout: 0.15000000000000002
dt: 0.3
epochs_A: 90
epochs_B: 280
g_dim: 56
grad_clip: 1.0
lam_full: 2.4994982084787585e-06
lam_g: 1.4179732951749553e-06
lam_phi: 3.0e-10
lrA: 0.002
lrB_end: 0.0003
lrB_start: 0.003
polyorder: 3
rollout_B: 24
width: 64
