dx(1)/dt = -0.00001·x(1) +0.02778·x(2) +0.00000·x(1)*x(1) +0.00003·x(1)*x(2) -0.00000·x(2)*x(2)
dx(2)/dt = -0.62948·x(1) -0.00221·x(2) +0.02091·x(1)*x(1) +0.01394·x(1)*x(2) +0.00138·x(2)*x(2)
