dx(1)/dt = 11.2*x(2)*x(3)*x(3) - 4.26014*x(1)*x(3)*x(4) + 4.17459*x(3)*x(3)*x(4) + 2.9662*x(2)*x(3)*x(4) + 2.36011*x(3)*x(3) - 2.01555*x(3)*x(4) - 1.44566*x(1)*x(4)*x(4) + 0.991708*x(2) - 0.779796*x(2)*x(3) - 0.729652*x(1)*x(1)*x(3) - 0.726536*x(1)*x(2)*x(4) - 0.686648*x(3) + 0.660291*x(4)*x(4) + 0.599401*x(2)*x(2)*x(3) - 0.597906*x(1)*x(3)*x(3) + 0.442955*x(4)*x(4)*x(4) - 0.424809*x(3)*x(4)*x(4) + 0.377463*x(1)*x(3) + 0.37096*x(1)*x(2)*x(3) + 0.213933*x(1)*x(1) + 0.145146*x(1)*x(1)*x(2) + 0.111965*x(1)*x(1)*x(4) + 0.101564*x(4) + 0.0807801*x(1)*x(4) - 0.0397534*x(1)*x(2) + 0.030262*x(1)*x(2)*x(2) - 0.0267034*x(2)*x(2)*x(4) - 0.0178003*x(1)*x(1)*x(1) + 0.0159354*x(2)*x(4)*x(4) + 0.0153103*x(3)*x(3)*x(3) - 0.0117488*x(1) + 0.00789527*x(2)*x(2)*x(2) + 0.00437526*x(2)*x(4) + 0.00199789*x(2)*x(2)
dx(2)/dt = -193.646*x(2)*x(3)*x(3) - 159.801*x(2)*x(3)*x(4) + 116.075*x(3)*x(3)*x(3) - 85.6866*x(3)*x(3) + 79.7502*x(1)*x(3)*x(4) + 70.3772*x(1)*x(4)*x(4) - 48.1842*x(3)*x(3)*x(4) + 36.139*x(1)*x(3)*x(3) + 20.8365*x(3)*x(4)*x(4) - 19.5652*x(1)*x(3) + 16.3068*x(3) + 9.70571*x(1)*x(2)*x(3) + 9.52603*x(1)*x(1)*x(3) + 7.765*x(3)*x(4) + 6.36021*x(2)*x(4) - 6.35485*x(4)*x(4) + 5.90229*x(2)*x(3) - 5.83868*x(4)*x(4)*x(4) - 5.56728*x(1)*x(2)*x(2) + 3.27535*x(2)*x(4)*x(4) - 3.25344*x(1)*x(1)*x(4) - 3.03626*x(1)*x(1) + 2.50805*x(1)*x(2)*x(4) - 2.03052*x(1)*x(4) - 1.61461*x(1)*x(1)*x(2) - 1.33894*x(2)*x(2)*x(3) + 1.03489*x(4) + 0.95009*x(1) - 0.567199*x(1)*x(2) + 0.242679*x(2) - 0.214151*x(2)*x(2)*x(2) - 0.198066*x(1)*x(1)*x(1) - 0.0955804*x(2)*x(2) + 0.0950353*x(2)*x(2)*x(4)
dx(3)/dt = -4.12389*x(3)*x(3) - 2.06174*x(2)*x(3)*x(3) + 1.96339*x(3)*x(3)*x(3) + 1.14224*x(3)*x(3)*x(4) + 1.10875*x(1)*x(1)*x(3) - 1.08099*x(4)*x(4) + 1.02733*x(4) + 1.02422*x(1)*x(3)*x(4) + 0.986604*x(1)*x(2)*x(4) + 0.938409*x(3) + 0.868317*x(1)*x(2)*x(3) + 0.841555*x(3)*x(4)*x(4) - 0.764662*x(2)*x(2)*x(3) - 0.643705*x(3)*x(4) - 0.262278*x(1)*x(1) - 0.245277*x(2)*x(3)*x(4) - 0.234261*x(1)*x(1)*x(4) + 0.124611*x(4)*x(4)*x(4) - 0.102753*x(1)*x(4) + 0.0950434*x(2)*x(3) + 0.0906267*x(1)*x(4)*x(4) - 0.0682781*x(1)*x(3) + 0.0568889*x(2)*x(4)*x(4) + 0.0217061*x(1)*x(1)*x(1) + 0.0175678*x(1)*x(1)*x(2) - 0.0170331*x(1)*x(2) + 0.0116382*x(2)*x(4) - 0.0114662*x(1)*x(3)*x(3) - 0.00878508*x(2)*x(2) - 0.0052246*x(1)*x(2)*x(2) - 0.00515177*x(2)*x(2)*x(4) - 0.00185275*x(2)*x(2)*x(2) + 0.00153769*x(2) - 0.000278316*x(1)
dx(4)/dt = 40.1367*x(3)*x(3)*x(4) + 38.7217*x(3)*x(3) - 37.0412*x(3)*x(4)*x(4) + 34.8614*x(3)*x(3)*x(3) + 32.0213*x(4)*x(4) + 23.1661*x(2)*x(3)*x(3) - 21.7934*x(3)*x(4) - 20.0278*x(1)*x(1)*x(3) - 18.1554*x(1)*x(2)*x(4) - 15.0855*x(3) - 14.7349*x(1)*x(3)*x(4) + 4.707*x(1)*x(1) + 4.42793*x(2)*x(3)*x(4) + 2.92321*x(1)*x(2)*x(3) + 2.7897*x(1)*x(4) + 2.67022*x(1)*x(3) - 1.9038*x(2)*x(3) + 1.53244*x(1)*x(1)*x(4) - 1.50495*x(1)*x(3)*x(3) - 1.3379*x(1)*x(4)*x(4) - 1.32194*x(2)*x(4)*x(4) - 0.754781*x(1)*x(1)*x(1) + 0.602891*x(4) + 0.592033*x(4)*x(4)*x(4) - 0.55108*x(1)*x(1)*x(2) + 0.53316*x(2)*x(2) - 0.449741*x(2)*x(2)*x(4) + 0.41384*x(2)*x(2)*x(3) - 0.0805858*x(1)*x(2)*x(2) - 0.035258*x(2) + 0.0327613*x(2)*x(2)*x(2) + 0.0170698*x(2)*x(4) - 0.0136527*x(1)*x(2) + 0.0113144*x(1)
