dx(1)/dt = 1.00936*x(2) + 0.0160354*x(1) - 0.00929448*x(1)*x(2)*x(2) + 0.00307165*x(1)*x(1)*x(2) - 0.00285232*x(1)*x(1)*x(1) - 0.00269326*x(2)*x(2)*x(2) + 0.00111787*x(1)*x(2)*x(2)*x(2)*x(2) + 0.00110664*x(2)*x(2) - 0.00102243*x(1)*x(1)*x(1)*x(2)*x(2) - 0.000656016*x(1)*x(1)*x(1)*x(1)*x(2) + 0.000627875*x(1)*x(1)*x(1)*x(2) - 0.000613006*x(1)*x(2)*x(2)*x(2)
dx(2)/dt = 1.02917*x(2) - 0.948475*x(1)*x(1)*x(2) - 0.947691*x(1) - 0.0112014*x(1)*x(2)*x(2)*x(2) + 0.0111283*x(1)*x(1)*x(1)*x(2) + 0.00985624*x(1)*x(2) + 0.00938846*x(1)*x(1)*x(1)*x(2)*x(2) - 0.00883737*x(2)*x(2)*x(2) + 0.00815428*x(2)*x(2) + 0.00668086*x(1)*x(1) - 0.00540231*x(1)*x(1)*x(2)*x(2)*x(2) - 0.00501609*x(1)*x(2)*x(2)
