dx(1)/dt = +0.14289*x(1) +11.03124*x(2) -0.87832*x(1)*x(1) -0.28961*x(1)*x(2) -0.45438*x(2)*x(2) -0.26787*x(1)*x(1)*x(1) +0.20605*x(1)*x(1)*x(2) +0.52337*x(1)*x(2)*x(2) +0.10492*x(2)*x(2)*x(2) +0.07312*x(1)*x(1)*x(1)*x(1) +0.13417*x(1)*x(1)*x(1)*x(2) +0.41858*x(1)*x(1)*x(2)*x(2) -0.02712*x(1)*x(2)*x(2)*x(2) +0.03885*x(2)*x(2)*x(2)*x(2)
dx(2)/dt = -12.71219*x(1) -0.43418*x(2) -0.12317*x(1)*x(1) +1.26285*x(1)*x(2) +0.03715*x(2)*x(2) -0.01457*x(1)*x(1)*x(1) -0.59365*x(1)*x(1)*x(2) +0.35763*x(1)*x(2)*x(2) +0.13626*x(2)*x(2)*x(2) -0.13763*x(1)*x(1)*x(1)*x(1) -0.58079*x(1)*x(1)*x(1)*x(2) -0.15151*x(1)*x(1)*x(2)*x(2) -0.28463*x(1)*x(2)*x(2)*x(2) -0.00846*x(2)*x(2)*x(2)*x(2)
