dx(1)/dt = -3.00028*x(2) - 1.00065*x(1)*x(2)*x(2) - 0.999489*x(1)*x(1)*x(1) + 0.0219544*x(1)*x(1)*x(1)*x(1)*x(1)*x(2)*x(2) + 0.0183879*x(1)*x(1)*x(1)*x(1)*x(2)*x(2)*x(2) - 0.0130815*x(1)*x(1)*x(1)*x(1)*x(2) + 0.011707*x(1)*x(1)*x(1)*x(1)*x(1)*x(1)*x(2) - 0.00890009*x(1)*x(1)*x(1)*x(2)*x(2) - 0.00783159*x(1)*x(2)*x(2)*x(2)*x(2)*x(2)*x(2) + 0.00538625*x(1)*x(2)*x(2)*x(2)*x(2) - 0.00494707*x(1)*x(1)*x(2)*x(2)*x(2) - 0.00388686*x(1)*x(1)*x(2)*x(2)*x(2)*x(2)*x(2)
dx(2)/dt = 3.00021*x(1) - 1.0001*x(2)*x(2)*x(2) - 0.99983*x(1)*x(1)*x(2) - 0.0163285*x(1)*x(1)*x(2)*x(2)*x(2)*x(2)*x(2) + 0.0121208*x(1)*x(1)*x(1)*x(1)*x(1)*x(1)*x(2) - 0.00997563*x(1)*x(1)*x(1)*x(2)*x(2) + 0.00847496*x(1)*x(1)*x(2)*x(2)*x(2) - 0.0082808*x(1)*x(1)*x(1)*x(1)*x(2) + 0.00582343*x(1)*x(1)*x(1)*x(1)*x(1)*x(2)*x(2) + 0.00359304*x(1)*x(1)*x(1)*x(2)*x(2)*x(2)*x(2) + 0.00344577*x(1)*x(1)*x(1)*x(1)*x(2)*x(2)*x(2) + 0.00267106*x(2)*x(2)*x(2)*x(2)*x(2)*x(2)*x(2)
