dx(1)/dt = +4.81056*x(1) +3.15570*x(2) +13.43893*x(1)*x(1) +34.48755*x(1)*x(2) -11.93010*x(2)*x(2) +2.67802*x(1)*x(1)*x(1) +3.31178*x(1)*x(1)*x(2) -13.68002*x(1)*x(2)*x(2) +0.43362*x(2)*x(2)*x(2) -2.97702*x(1)*x(1)*x(1)*x(1) -7.63502*x(1)*x(1)*x(1)*x(2) -3.28399*x(1)*x(1)*x(2)*x(2) -5.97542*x(1)*x(2)*x(2)*x(2) +3.49818*x(2)*x(2)*x(2)*x(2)
dx(2)/dt = -13.78876*x(1) -3.56172*x(2) +4.04318*x(1)*x(1) -7.30411*x(1)*x(2) -3.83414*x(2)*x(2) -3.20896*x(1)*x(1)*x(1) +7.78264*x(1)*x(1)*x(2) +7.86430*x(1)*x(2)*x(2) -1.93714*x(2)*x(2)*x(2) -1.94288*x(1)*x(1)*x(1)*x(1) +5.80890*x(1)*x(1)*x(1)*x(2) +2.53855*x(1)*x(1)*x(2)*x(2) +4.88338*x(1)*x(2)*x(2)*x(2) +1.37046*x(2)*x(2)*x(2)*x(2)
