dx(1)/dt = -0.00233·x(1) +0.16622·x(2) -0.06891·x(3) -0.00412·x(4) +0.01505·x(1)*x(1) +0.00280·x(1)*x(2) +0.06507·x(1)*x(3) +0.02999·x(1)*x(4) +0.00000·x(2)*x(2) +0.01064·x(2)*x(3) -0.02230·x(2)*x(4) +0.37772·x(3)*x(3) +0.01832·x(3)*x(4) +0.04817·x(4)*x(4) -0.00423·x(1)*x(1)*x(1) -0.01353·x(1)*x(1)*x(2) -0.05902·x(1)*x(1)*x(3) +0.00000·x(1)*x(1)*x(4) +0.01731·x(1)*x(2)*x(2) -0.04009·x(1)*x(2)*x(3) -0.03007·x(1)*x(2)*x(4) -0.09212·x(1)*x(3)*x(3) +0.02706·x(1)*x(3)*x(4) -0.10086·x(1)*x(4)*x(4) +0.00000·x(2)*x(2)*x(2) +0.00000·x(2)*x(2)*x(3) +0.00000·x(2)*x(2)*x(4) -0.19255·x(2)*x(3)*x(3) +0.25072·x(2)*x(3)*x(4) -0.01613·x(2)*x(4)*x(4) -0.42029·x(3)*x(3)*x(3) +0.00000·x(3)*x(3)*x(4) -0.07791·x(3)*x(4)*x(4) +0.00000·x(4)*x(4)*x(4)
dx(2)/dt = +0.13354·x(1) +0.02933·x(2) +3.53077·x(3) +0.28118·x(4) -0.68941·x(1)*x(1) -0.14610·x(1)*x(2) -3.50391·x(1)*x(3) -0.98446·x(1)*x(4) -0.01789·x(2)*x(2) -0.28470·x(2)*x(3) +1.15455·x(2)*x(4) -20.52740·x(3)*x(3) -0.84479·x(3)*x(4) -2.22271·x(4)*x(4) +0.13015·x(1)*x(1)*x(1) +0.32687·x(1)*x(1)*x(2) +2.66182·x(1)*x(1)*x(3) -0.29640·x(1)*x(1)*x(4) -0.94924·x(1)*x(2)*x(2) +1.98975·x(1)*x(2)*x(3) +0.98045·x(1)*x(2)*x(4) +5.53064·x(1)*x(3)*x(3) +3.91186·x(1)*x(3)*x(4) +8.07536·x(1)*x(4)*x(4) -0.02353·x(2)*x(2)*x(2) -0.00000·x(2)*x(2)*x(3) +0.03968·x(2)*x(2)*x(4) -5.51427·x(2)*x(3)*x(3) -19.07881·x(2)*x(3)*x(4) +0.80063·x(2)*x(4)*x(4) +27.22039·x(3)*x(3)*x(3) -4.99370·x(3)*x(3)*x(4) +5.17804·x(3)*x(4)*x(4) -0.85410·x(4)*x(4)*x(4)
dx(3)/dt = -0.00000·x(1) -0.00000·x(2) -0.01539·x(3) +0.15736·x(4) +0.00250·x(1)*x(1) +0.00420·x(1)*x(2) -0.00616·x(1)*x(3) -0.00000·x(1)*x(4) -0.00139·x(2)*x(2) -0.00000·x(2)*x(3) -0.00000·x(2)*x(4) +0.18535·x(3)*x(3) +0.11506·x(3)*x(4) -0.02879·x(4)*x(4) +0.00194·x(1)*x(1)*x(1) -0.00000·x(1)*x(1)*x(2) -0.01286·x(1)*x(1)*x(3) -0.00642·x(1)*x(1)*x(4) -0.00000·x(1)*x(2)*x(2) -0.02225·x(1)*x(2)*x(3) -0.00719·x(1)*x(2)*x(4) +0.00000·x(1)*x(3)*x(3) +0.02483·x(1)*x(3)*x(4) -0.00000·x(1)*x(4)*x(4) -0.00000·x(2)*x(2)*x(2) +0.04951·x(2)*x(2)*x(3) +0.00000·x(2)*x(2)*x(4) -0.00000·x(2)*x(3)*x(3) -0.00000·x(2)*x(3)*x(4) -0.00000·x(2)*x(4)*x(4) -0.27020·x(3)*x(3)*x(3) -0.20877·x(3)*x(3)*x(4) +0.00000·x(3)*x(4)*x(4) +0.00000·x(4)*x(4)*x(4)
dx(4)/dt = +0.01028·x(1) -0.00220·x(2) +0.92475·x(3) +0.34583·x(4) -0.15504·x(1)*x(1) -0.13764·x(1)*x(2) +0.31222·x(1)*x(3) +0.02020·x(1)*x(4) +0.08563·x(2)*x(2) +0.08155·x(2)*x(3) -0.02516·x(2)*x(4) -10.88517·x(3)*x(3) -6.75108·x(3)*x(4) +1.66345·x(4)*x(4) -0.09811·x(1)*x(1)*x(1) +0.05076·x(1)*x(1)*x(2) +0.76391·x(1)*x(1)*x(3) -0.14882·x(1)*x(1)*x(4) +0.00000·x(1)*x(2)*x(2) +2.70930·x(1)*x(2)*x(3) +0.52645·x(1)*x(2)*x(4) -0.21349·x(1)*x(3)*x(3) -0.67771·x(1)*x(3)*x(4) -0.52771·x(1)*x(4)*x(4) +0.00093·x(2)*x(2)*x(2) -2.93383·x(2)*x(2)*x(3) -0.05797·x(2)*x(2)*x(4) +0.57325·x(2)*x(3)*x(3) +1.38160·x(2)*x(3)*x(4) -0.16857·x(2)*x(4)*x(4) +16.03822·x(3)*x(3)*x(3) +11.89322·x(3)*x(3)*x(4) -3.00922·x(3)*x(4)*x(4) +0.37609·x(4)*x(4)*x(4)
