dx(1)/dt = -0.87368*x(1) + 2.27152*x(2) - 0.17653*x(1)*x(1) + 0.12903*x(1)*x(2) - 0.23984*x(2)*x(2) + 0.84150*x(1)*x(1)*x(1) - 1.01104*x(1)*x(1)*x(2) - 1.22742*x(2)*x(2)*x(2)
dx(2)/dt = 0.06333*1 - 2.20840*x(1) + 0.15026*x(2) + 0.05288*x(1)*x(1) - 0.20995*x(1)*x(2) - 0.19477*x(2)*x(2) - 0.22795*x(1)*x(1)*x(1) - 2.14889*x(1)*x(1)*x(2) - 2.78174*x(1)*x(2)*x(2) - 1.94819*x(2)*x(2)*x(2)
