dx(1)/dt = -2.99813*x(2) - 1.69228*x(1)*x(2)*x(2) - 1.1242*x(1)*x(1)*x(1) + 0.292446*x(1)*x(1)*x(1)*x(2)*x(2) + 0.290757*x(1)*x(2)*x(2)*x(2)*x(2) - 0.15545*x(1)*x(1)*x(1)*x(2)*x(2)*x(2)*x(2) - 0.0795706*x(1)*x(1)*x(2)*x(2)*x(2) + 0.0686336*x(1)*x(2) - 0.0670495*x(1)*x(2)*x(2)*x(2)*x(2)*x(2)*x(2) - 0.0539268*x(1)*x(1)*x(1)*x(1)*x(1)*x(2)*x(2) + 0.0529181*x(1) + 0.0341946*x(2)*x(2)
dx(2)/dt = 3.00408*x(1) - 1.11798*x(1)*x(1)*x(2) - 1.11076*x(2)*x(2)*x(2) + 0.110062*x(1)*x(1)*x(2)*x(2)*x(2) - 0.0967167*x(1)*x(2)*x(2) - 0.053136*x(1)*x(1)*x(2)*x(2)*x(2)*x(2)*x(2) + 0.042609*x(1)*x(1)*x(1)*x(1)*x(2) + 0.0419254*x(2)*x(2)*x(2)*x(2)*x(2) - 0.0316702*x(1)*x(1)*x(1)*x(1)*x(2)*x(2)*x(2) + 0.0270683*x(1)*x(1)*x(2)*x(2) - 0.0251354*x(1)*x(2) + 0.0217031*x(1)*x(1)*x(1)*x(2)*x(2)
