dx(1)/dt = 2.9976*x(2) - 1.01584*x(1)*x(2)*x(2) - 1.00382*x(1)*x(1)*x(1) + 0.982924*x(1) + 0.0565253*x(1)*x(2)*x(2)*x(2)*x(2) + 0.0418319*x(1)*x(1)*x(1)*x(1)*x(2) + 0.0247218*x(1)*x(1)*x(1)*x(1)*x(1) - 0.0194092*x(1)*x(1)*x(2) - 0.0153964*x(1)*x(1)*x(2)*x(2)*x(2) + 0.0128765*x(1)*x(1)*x(1)*x(2)*x(2) - 0.00905031*x(2)*x(2)*x(2)*x(2) + 0.00860112*x(2)*x(2)
dx(2)/dt = -3.00708*x(1) - 0.994523*x(1)*x(1)*x(2) - 0.979676*x(2)*x(2)*x(2) + 0.961188*x(2) + 0.0567978*x(1)*x(1)*x(1)*x(1)*x(2) - 0.0437131*x(1)*x(2)*x(2)*x(2)*x(2) + 0.029369*x(1)*x(2)*x(2) + 0.0260568*x(1)*x(1)*x(1)*x(2)*x(2) + 0.0224181*x(2)*x(2)*x(2)*x(2)*x(2) + 0.0164809*x(1)*x(1)*x(1)*x(2) - 0.0158653*x(1)*x(2) + 0.0151594*x(1)*x(2)*x(2)*x(2)
