dx(1)/dt = -0.431484*x(1)*x(2) + 0.102561*x(1) + 0.0271924*x(1)*x(1) - 0.0102016*x(2) + 0.000724615*x(2)*x(2)
dx(2)/dt = 0.404992*x(1)*x(2) - 0.337159*x(2) + 0.100011*x(1) - 0.0209051*x(1)*x(1) + 0.00141335*x(2)*x(2)
