dt: 0.9
polyorder: 5
g_dim: 45
width: 64
depth: 5
dropout: 0.15000000000000002
epochs_A: 150
epochs_B: 300
lrA: 0.002
lrB_start: 0.003
lrB_end: 0.0003
decayA_last_frac: 0.3
decayA_min_ratio: 0.2
lam_phi: 3.0e-10
lam_g: 1.6996032848312365e-06
lam_full: 1.7572286087640376e-06
rollout_B: 16
beta_align: 0.024620843747143968
batch_size: 1024
grad_clip: 1.0
