dx(1)/dt = 10.20789*x(2) - 0.23980*x(1)*x(1)
dx(2)/dt = -10.50836*x(1) + 0.59386*x(2) + 0.26409*x(1)*x(1) + 2.91840*x(1)*x(2) - 1.50654*x(1)*x(1)*x(2) - 0.68620*x(1)*x(2)*x(2) - 1.32164*x(1)*x(1)*x(1)*x(2) - 1.11522*x(1)*x(1)*x(2)*x(2) - 0.51437*x(1)*x(2)*x(2)*x(2) + 0.15618*x(2)*x(2)*x(2)*x(2)
