dx(1)/dt = 0.98992*x(1) + 8.78750*x(2) - 1.29109*x(1)*x(1) + 0.85732*x(1)*x(2) + 0.98058*x(2)*x(2) + 0.42241*x(1)*x(1)*x(2) - 0.63469*x(1)*x(2)*x(2) - 0.39910*x(2)*x(2)*x(2) + 1.10206*x(1)*x(1)*x(1)*x(1) + 0.24095*x(1)*x(1)*x(1)*x(2) - 2.03089*x(1)*x(1)*x(2)*x(2) - 2.41333*x(1)*x(2)*x(2)*x(2) - 0.82897*x(2)*x(2)*x(2)*x(2)
dx(2)/dt = -10.51574*x(1) + 1.11875*x(2) - 7.92832*x(1)*x(1) + 8.64761*x(1)*x(2) + 6.89057*x(2)*x(2) + 2.05701*x(1)*x(1)*x(1) - 0.67785*x(1)*x(1)*x(2) - 2.13880*x(1)*x(2)*x(2) - 1.09316*x(2)*x(2)*x(2) + 7.03425*x(1)*x(1)*x(1)*x(1) - 2.34997*x(1)*x(1)*x(1)*x(2) - 9.47912*x(1)*x(1)*x(2)*x(2) - 11.10364*x(1)*x(2)*x(2)*x(2) - 4.30050*x(2)*x(2)*x(2)*x(2)
