batch_size: 1024
beta_align: 0.06537559733729614
decayA_last_frac: 0.3
decayA_min_ratio: 0.2
depth: 2
dropout: 0.4
dt: 2.25
epochs_A: 60
epochs_B: 180
g_dim: 60
grad_clip: 1.0
lam_full: 8.971820270725738e-07
lam_g: 5.59970845440159e-07
lam_phi: 3.0e-10
lrA: 0.002
lrB_end: 0.0003
lrB_start: 0.003
polyorder: 2
rollout_B: 2
width: 64
