dx(1)/dt = +0.03150·x(1) +0.99731·x(2) +1.61077·x(3) -0.66581·x(4) -0.60923·x(1)*x(1) +0.31161·x(1)*x(2) +1.93023·x(1)*x(3) -1.57276·x(1)*x(4) +0.00258·x(2)*x(2) +1.65226·x(2)*x(3) +0.13278·x(2)*x(4) -5.73734·x(3)*x(3) +8.64284·x(3)*x(4) +13.61893·x(4)*x(4) -0.35746·x(1)*x(1)*x(1) +0.57771·x(1)*x(1)*x(2) +2.62739·x(1)*x(1)*x(3) -2.45666·x(1)*x(1)*x(4) -0.07496·x(1)*x(2)*x(2) -3.18535·x(1)*x(2)*x(3) -13.89492·x(1)*x(2)*x(4) -11.73900·x(1)*x(3)*x(3) -7.34421·x(1)*x(3)*x(4) -5.54355·x(1)*x(4)*x(4) -0.00506·x(2)*x(2)*x(2) -1.63874·x(2)*x(2)*x(3) +0.49226·x(2)*x(2)*x(4) +35.98832·x(2)*x(3)*x(3) +5.85579·x(2)*x(3)*x(4) +0.31414·x(2)*x(4)*x(4) -7.12256·x(3)*x(3)*x(3) -0.76498·x(3)*x(3)*x(4) -54.17061·x(3)*x(4)*x(4) +3.11829·x(4)*x(4)*x(4)
dx(2)/dt = -0.41269·x(1) +0.08689·x(2) -16.45923·x(3) +9.96596·x(4) +6.07614·x(1)*x(1) -4.76442·x(1)*x(2) -76.43992·x(1)*x(3) -0.72490·x(1)*x(4) -0.19585·x(2)*x(2) +32.30013·x(2)*x(3) +7.82492·x(2)*x(4) -1521.32172·x(3)*x(3) -72.20876·x(3)*x(4) -85.57417·x(4)*x(4) +16.60370·x(1)*x(1)*x(1) -9.90516·x(1)*x(1)*x(2) +640.03804·x(1)*x(1)*x(3) -28.65600·x(1)*x(1)*x(4) -3.83778·x(1)*x(2)*x(2) +118.42135·x(1)*x(2)*x(3) +104.12159·x(1)*x(2)*x(4) +356.50167·x(1)*x(3)*x(3) -0.30827·x(1)*x(3)*x(4) +185.79990·x(1)*x(4)*x(4) -0.02663·x(2)*x(2)*x(2) +12.73147·x(2)*x(2)*x(3) -7.67902·x(2)*x(2)*x(4) -220.98773·x(2)*x(3)*x(3) -320.72254·x(2)*x(3)*x(4) -11.58074·x(2)*x(4)*x(4) +5106.80353·x(3)*x(3)*x(3) +63.88628·x(3)*x(3)*x(4) +813.48795·x(3)*x(4)*x(4) -73.63563·x(4)*x(4)*x(4)
dx(3)/dt = +0.00827·x(1) +0.00547·x(2) +1.28480·x(3) +1.27065·x(4) -0.37673·x(1)*x(1) -0.13751·x(1)*x(2) +2.08333·x(1)*x(3) -1.29650·x(1)*x(4) -0.01313·x(2)*x(2) -1.13624·x(2)*x(3) -0.00547·x(2)*x(4) +15.69059·x(3)*x(3) -9.02463·x(3)*x(4) +2.54476·x(4)*x(4) -0.27980·x(1)*x(1)*x(1) +0.99869·x(1)*x(1)*x(2) -8.07377·x(1)*x(1)*x(3) +0.80922·x(1)*x(1)*x(4) +0.00503·x(1)*x(2)*x(2) +4.87575·x(1)*x(2)*x(3) -2.20317·x(1)*x(2)*x(4) -15.47214·x(1)*x(3)*x(3) -3.52050·x(1)*x(3)*x(4) +6.91204·x(1)*x(4)*x(4) -0.00650·x(2)*x(2)*x(2) -1.38681·x(2)*x(2)*x(3) -0.27642·x(2)*x(2)*x(4) +31.38897·x(2)*x(3)*x(3) -22.81043·x(2)*x(3)*x(4) +2.86280·x(2)*x(4)*x(4) -56.66514·x(3)*x(3)*x(3) +31.04785·x(3)*x(3)*x(4) -16.51827·x(3)*x(4)*x(4) -0.69780·x(4)*x(4)*x(4)
dx(4)/dt = +0.77286·x(1) +0.07468·x(2) +37.64417·x(3) +13.70955·x(4) -5.96888·x(1)*x(1) -6.73453·x(1)*x(2) -68.53081·x(1)*x(3) -10.57783·x(1)*x(4) +0.34851·x(2)*x(2) +25.32920·x(2)*x(3) -1.72147·x(2)*x(4) -1303.11895·x(3)*x(3) -238.22562·x(3)*x(4) +28.19804·x(4)*x(4) +9.31243·x(1)*x(1)*x(1) -2.01876·x(1)*x(1)*x(2) +420.11889·x(1)*x(1)*x(3) +2.20690·x(1)*x(1)*x(4) -0.35646·x(1)*x(2)*x(2) +105.29755·x(1)*x(2)*x(3) -17.65389·x(1)*x(2)*x(4) +435.89608·x(1)*x(3)*x(3) +619.80549·x(1)*x(3)*x(4) +102.43788·x(1)*x(4)*x(4) -0.06937·x(2)*x(2)*x(2) -57.57301·x(2)*x(2)*x(3) -12.47568·x(2)*x(2)*x(4) -1426.34518·x(2)*x(3)*x(3) -59.55166·x(2)*x(3)*x(4) -4.20728·x(2)*x(4)*x(4) +4207.52782·x(3)*x(3)*x(3) +941.46350·x(3)*x(3)*x(4) +275.43726·x(3)*x(4)*x(4) +75.83568·x(4)*x(4)*x(4)
