dx(1)/dt = -3.00026*x(2) - 1.00341*x(1)*x(2)*x(2) - 0.999738*x(1)*x(1)*x(1) + 0.0347681*x(1)*x(1)*x(1)*x(2)*x(2) - 0.0279975*x(1)*x(1)*x(1)*x(2)*x(2)*x(2)*x(2) + 0.025632*x(1)*x(2)*x(2)*x(2)*x(2) - 0.0235826*x(1)*x(1)*x(2)*x(2)*x(2) - 0.0214856*x(1)*x(1)*x(1)*x(1)*x(2) - 0.0204858*x(1)*x(1)*x(1)*x(1)*x(2)*x(2)*x(2) - 0.0199726*x(1)*x(1)*x(1)*x(1)*x(1)*x(2)*x(2) - 0.0110031*x(1)*x(2)*x(2)*x(2)*x(2)*x(2)*x(2) + 0.0109024*x(1)*x(1)*x(2)
dx(2)/dt = 3.00026*x(1) - 1.00353*x(1)*x(1)*x(2) - 0.999889*x(2)*x(2)*x(2) + 0.0351994*x(1)*x(1)*x(2)*x(2)*x(2) - 0.0293282*x(1)*x(1)*x(1)*x(1)*x(2)*x(2)*x(2) + 0.0261279*x(1)*x(1)*x(1)*x(1)*x(2) + 0.0230851*x(1)*x(1)*x(1)*x(2)*x(2) + 0.0220263*x(1)*x(2)*x(2)*x(2)*x(2) + 0.0210878*x(1)*x(1)*x(1)*x(2)*x(2)*x(2)*x(2) - 0.020471*x(1)*x(1)*x(2)*x(2)*x(2)*x(2)*x(2) - 0.0115122*x(1)*x(1)*x(1)*x(1)*x(1)*x(1)*x(2) - 0.0109428*x(1)*x(2)*x(2)
