dx(1)/dt = -0.00000·x(1) +15.04429·x(2) +0.01276·x(1)*x(1) -0.02256·x(1)*x(2) -0.00692·x(2)*x(2) -0.00000·x(1)*x(1)*x(1) -9.67441·x(1)*x(1)*x(2) -0.00000·x(1)*x(2)*x(2) -9.76820·x(2)*x(2)*x(2) -0.01276·x(1)*x(1)*x(1)*x(1) +0.02256·x(1)*x(1)*x(1)*x(2) -0.00584·x(1)*x(1)*x(2)*x(2) +0.02256·x(1)*x(2)*x(2)*x(2) +0.00692·x(2)*x(2)*x(2)*x(2) -0.00000·x(1)*x(1)*x(1)*x(1)*x(1) +3.94640·x(1)*x(1)*x(1)*x(1)*x(2) -0.00000·x(1)*x(1)*x(1)*x(2)*x(2) +7.74278·x(1)*x(1)*x(2)*x(2)*x(2) -0.00000·x(1)*x(2)*x(2)*x(2)*x(2) +3.91688·x(2)*x(2)*x(2)*x(2)*x(2)
dx(2)/dt = -16.43758·x(1) -0.00000·x(2) +0.07189·x(1)*x(1) +0.02580·x(1)*x(2) -0.00598·x(2)*x(2) +14.04812·x(1)*x(1)*x(1) -0.00000·x(1)*x(1)*x(2) +11.54931·x(1)*x(2)*x(2) +0.00000·x(2)*x(2)*x(2) -0.07189·x(1)*x(1)*x(1)*x(1) -0.02580·x(1)*x(1)*x(1)*x(2) -0.06591·x(1)*x(1)*x(2)*x(2) -0.02580·x(1)*x(2)*x(2)*x(2) +0.00598·x(2)*x(2)*x(2)*x(2) -6.76342·x(1)*x(1)*x(1)*x(1)*x(1) -0.00000·x(1)*x(1)*x(1)*x(1)*x(2) -11.11772·x(1)*x(1)*x(1)*x(2)*x(2) +0.00000·x(1)*x(1)*x(2)*x(2)*x(2) -4.51106·x(1)*x(2)*x(2)*x(2)*x(2) +0.00000·x(2)*x(2)*x(2)*x(2)*x(2)
