dx(1)/dt = 2.98344*x(2) - 0.903657*x(1)*x(2)*x(2) + 0.896864*x(1) - 0.833103*x(1)*x(1)*x(1) + 0.103043*x(1)*x(1)*x(1)*x(1)*x(2) - 0.0837069*x(1)*x(1)*x(1)*x(2) + 0.0812501*x(2)*x(2)*x(2) + 0.0768641*x(1)*x(2) - 0.0761494*x(1)*x(1)*x(2) - 0.0712586*x(1)*x(2)*x(2)*x(2) - 0.0683479*x(2)*x(2)*x(2)*x(2)*x(2) - 0.0647374*x(1)*x(1)*x(1)*x(1)*x(1)
dx(2)/dt = -3.10862*x(1) - 1.02377*x(1)*x(1)*x(2) - 0.955441*x(2)*x(2)*x(2) + 0.952174*x(2) + 0.248268*x(1)*x(2)*x(2) - 0.158522*x(1)*x(2)*x(2)*x(2)*x(2) + 0.0774832*x(1)*x(1)*x(1)*x(1)*x(1) + 0.0753056*x(1)*x(1)*x(1)*x(1)*x(2) + 0.0696733*x(1)*x(1)*x(2)*x(2)*x(2) - 0.0518397*x(1)*x(1)*x(1)*x(2)*x(2) - 0.0337353*x(1)*x(2)*x(2)*x(2) + 0.0324933*x(1)*x(1)*x(1)
