dx(1)/dt = +1.73069*x(1) +7.97281*x(2) +0.38747*x(1)*x(1) -0.50295*x(1)*x(2) -0.63782*x(2)*x(2) -1.12583*x(1)*x(1)*x(1) +0.38373*x(1)*x(1)*x(2) +0.39005*x(1)*x(2)*x(2) +0.38521*x(2)*x(2)*x(2) -0.82711*x(1)*x(1)*x(1)*x(1) -1.28592*x(1)*x(1)*x(1)*x(2) +3.37078*x(1)*x(1)*x(2)*x(2) +1.60089*x(1)*x(2)*x(2)*x(2) -0.33527*x(2)*x(2)*x(2)*x(2)
dx(2)/dt = -8.90766*x(1) +0.14846*x(2) +1.16678*x(1)*x(1) +1.64771*x(1)*x(2) +0.07804*x(2)*x(2) -0.58370*x(1)*x(1)*x(1) -0.77767*x(1)*x(1)*x(2) +0.01642*x(1)*x(2)*x(2) +0.04343*x(2)*x(2)*x(2) -0.57991*x(1)*x(1)*x(1)*x(1) -0.54391*x(1)*x(1)*x(1)*x(2) -0.18027*x(1)*x(1)*x(2)*x(2) -0.45343*x(1)*x(2)*x(2)*x(2) -0.11951*x(2)*x(2)*x(2)*x(2)
