dx(1)/dt = -3.00067*x(2) - 1.00656*x(1)*x(1)*x(1) - 0.988712*x(1)*x(2)*x(2) - 0.211711*x(1)*x(1)*x(2)*x(2)*x(2) + 0.145873*x(1)*x(1)*x(1)*x(2)*x(2) + 0.0691326*x(1)*x(2)*x(2)*x(2)*x(2) + 0.0606281*x(2)*x(2)*x(2)*x(2)*x(2) - 0.0489128*x(1)*x(1)*x(1)*x(1)*x(2) + 0.038123*x(1)*x(1)*x(2) - 0.0313616*x(1)*x(1)*x(1)*x(1)*x(1)*x(2)*x(2) - 0.0298594*x(1)*x(1)*x(1)*x(2)*x(2)*x(2)*x(2) + 0.0288117*x(1)*x(1)*x(1)*x(1)*x(2)*x(2)*x(2)
dx(2)/dt = 2.99938*x(1) - 1.00714*x(2)*x(2)*x(2) - 0.990114*x(1)*x(1)*x(2) + 0.195666*x(1)*x(1)*x(1)*x(2)*x(2) + 0.14649*x(1)*x(1)*x(2)*x(2)*x(2) - 0.0754819*x(1)*x(1)*x(1)*x(1)*x(1) + 0.0746742*x(1)*x(1)*x(1)*x(1)*x(2) - 0.0436864*x(1)*x(1)*x(2)*x(2)*x(2)*x(2)*x(2) + 0.0395779*x(1)*x(2)*x(2)*x(2)*x(2) - 0.0344277*x(1)*x(1)*x(1)*x(1)*x(2)*x(2)*x(2) - 0.0263341*x(1)*x(1)*x(1)*x(1)*x(1)*x(1)*x(2) - 0.0260574*x(1)*x(2)*x(2)*x(2)*x(2)*x(2)*x(2)
