dx(1)/dt = +0.23412·x(1) +0.10801·x(2) -0.01694·x(1)*x(1) +0.17090·x(1)*x(2) -0.01686·x(2)*x(2) -0.19436·x(1)*x(1)*x(1) -0.28002·x(1)*x(1)*x(2) -4.25570·x(1)*x(2)*x(2) +1.50240·x(2)*x(2)*x(2) +0.29671·x(1)*x(1)*x(1)*x(1) -0.66987·x(1)*x(1)*x(1)*x(2) +0.22466·x(1)*x(1)*x(2)*x(2) -0.37043·x(1)*x(2)*x(2)*x(2) +0.02111·x(2)*x(2)*x(2)*x(2) -14.84493·x(1)*x(1)*x(1)*x(1)*x(1) -0.25113·x(1)*x(1)*x(1)*x(1)*x(2) +12.15577·x(1)*x(1)*x(1)*x(2)*x(2) +0.57073·x(1)*x(1)*x(2)*x(2)*x(2) -4.75245·x(1)*x(2)*x(2)*x(2)*x(2) -3.01632·x(2)*x(2)*x(2)*x(2)*x(2) -0.27769·x(1)*x(1)*x(1)*x(1)*x(1)*x(1) +0.44174·x(1)*x(1)*x(1)*x(1)*x(1)*x(2) -0.13939·x(1)*x(1)*x(1)*x(1)*x(2)*x(2) +0.49843·x(1)*x(1)*x(1)*x(2)*x(2)*x(2) -0.17255·x(1)*x(1)*x(2)*x(2)*x(2)*x(2) +0.19026·x(1)*x(2)*x(2)*x(2)*x(2)*x(2) -0.00416·x(2)*x(2)*x(2)*x(2)*x(2)*x(2) +12.56908·x(1)*x(1)*x(1)*x(1)*x(1)*x(1)*x(1) +0.87523·x(1)*x(1)*x(1)*x(1)*x(1)*x(1)*x(2) -5.49352·x(1)*x(1)*x(1)*x(1)*x(1)*x(2)*x(2) -1.26297·x(1)*x(1)*x(1)*x(1)*x(2)*x(2)*x(2) -1.32500·x(1)*x(1)*x(1)*x(2)*x(2)*x(2)*x(2) +0.26038·x(1)*x(1)*x(2)*x(2)*x(2)*x(2)*x(2) +4.95736·x(1)*x(2)*x(2)*x(2)*x(2)*x(2)*x(2) +1.60124·x(2)*x(2)*x(2)*x(2)*x(2)*x(2)*x(2)
dx(2)/dt = -0.11544·x(1) +0.25508·x(2) +0.04079·x(1)*x(1) +0.00857·x(1)*x(2) +0.10659·x(2)*x(2) -1.27445·x(1)*x(1)*x(1) -4.12555·x(1)*x(1)*x(2) +1.79710·x(1)*x(2)*x(2) -0.72777·x(2)*x(2)*x(2) -0.22909·x(1)*x(1)*x(1)*x(1) +0.48006·x(1)*x(1)*x(1)*x(2) -0.30685·x(1)*x(1)*x(2)*x(2) -0.30331·x(1)*x(2)*x(2)*x(2) -0.24999·x(2)*x(2)*x(2)*x(2) +2.27264·x(1)*x(1)*x(1)*x(1)*x(1) -3.70590·x(1)*x(1)*x(1)*x(1)*x(2) -2.36593·x(1)*x(1)*x(1)*x(2)*x(2) +10.79172·x(1)*x(1)*x(2)*x(2)*x(2) -2.15410·x(1)*x(2)*x(2)*x(2)*x(2) -13.36468·x(2)*x(2)*x(2)*x(2)*x(2) +0.25263·x(1)*x(1)*x(1)*x(1)*x(1)*x(1) -0.51549·x(1)*x(1)*x(1)*x(1)*x(1)*x(2) -0.06058·x(1)*x(1)*x(1)*x(1)*x(2)*x(2) +0.21081·x(1)*x(1)*x(1)*x(2)*x(2)*x(2) +0.52333·x(1)*x(1)*x(2)*x(2)*x(2)*x(2) +0.13626·x(1)*x(2)*x(2)*x(2)*x(2)*x(2) +0.13951·x(2)*x(2)*x(2)*x(2)*x(2)*x(2) -1.05891·x(1)*x(1)*x(1)*x(1)*x(1)*x(1)*x(1) +3.92618·x(1)*x(1)*x(1)*x(1)*x(1)*x(1)*x(2) +0.38020·x(1)*x(1)*x(1)*x(1)*x(1)*x(2)*x(2) -1.06610·x(1)*x(1)*x(1)*x(1)*x(2)*x(2)*x(2) +2.17179·x(1)*x(1)*x(1)*x(2)*x(2)*x(2)*x(2) -4.52550·x(1)*x(1)*x(2)*x(2)*x(2)*x(2)*x(2) +0.27788·x(1)*x(2)*x(2)*x(2)*x(2)*x(2)*x(2) +11.55875·x(2)*x(2)*x(2)*x(2)*x(2)*x(2)*x(2)
