dx(1)/dt = +0.00000·x(1) +1.00000·x(2) -0.00000·x(1)*x(1) -0.00000·x(1)*x(2) +0.00000·x(2)*x(2) +0.00000·x(1)*x(1)*x(1) -0.00000·x(1)*x(1)*x(2) -0.00000·x(1)*x(2)*x(2) -0.00000·x(2)*x(2)*x(2) -0.00000·x(1)*x(1)*x(1)*x(1) +0.00000·x(1)*x(1)*x(1)*x(2) +0.00000·x(1)*x(1)*x(2)*x(2) +0.00000·x(1)*x(2)*x(2)*x(2) +0.00000·x(2)*x(2)*x(2)*x(2) +0.00000·x(1)*x(1)*x(1)*x(1)*x(1) -0.00000·x(1)*x(1)*x(1)*x(1)*x(2) +0.00000·x(1)*x(1)*x(1)*x(2)*x(2) -0.00000·x(1)*x(1)*x(2)*x(2)*x(2) -0.00000·x(1)*x(2)*x(2)*x(2)*x(2) -0.00000·x(2)*x(2)*x(2)*x(2)*x(2)
dx(2)/dt = -1.00001·x(1) +1.00000·x(2) +0.00000·x(1)*x(1) -0.00000·x(1)*x(2) +0.00000·x(2)*x(2) -0.00000·x(1)*x(1)*x(1) -1.00001·x(1)*x(1)*x(2) +0.00003·x(1)*x(2)*x(2) -0.00000·x(2)*x(2)*x(2) +0.00000·x(1)*x(1)*x(1)*x(1) -0.00000·x(1)*x(1)*x(1)*x(2) +0.00000·x(1)*x(1)*x(2)*x(2) -0.00000·x(1)*x(2)*x(2)*x(2) +0.00000·x(2)*x(2)*x(2)*x(2) -0.00000·x(1)*x(1)*x(1)*x(1)*x(1) +0.00000·x(1)*x(1)*x(1)*x(1)*x(2) -0.00000·x(1)*x(1)*x(1)*x(2)*x(2) +0.00002·x(1)*x(1)*x(2)*x(2)*x(2) -0.00001·x(1)*x(2)*x(2)*x(2)*x(2) -0.00000·x(2)*x(2)*x(2)*x(2)*x(2)
