dx(1)/dt = 36.8188*x(1)*x(1)*x(2) - 35.4131*x(2) - 21.5521*x(1)*x(2)*x(2) - 16.3829*x(1)*x(1)*x(1) + 15.0767*x(1) - 6.51008*x(1)*x(1) + 3.37087*x(2)*x(2)*x(2) - 1.95718*x(3) + 1.62484*x(2)*x(2) - 0.463506*x(1)*x(2)
dx(2)/dt = -99.8396*x(2) + 71.9547*x(1) - 47.4241*x(3) + 42.8856*x(1)*x(1)*x(2) - 28.0713*x(1)*x(1)*x(1) - 27.1755*x(2)*x(2) - 14.4838*x(1)*x(2)*x(2) - 11.3152*x(1)*x(1) + 3.13531*x(1)*x(2) + 2.44014*x(2)*x(2)*x(2)
dx(3)/dt = -0.0050044*x(3) + 4.54759e-06*x(1) - 3.37253e-06*x(2)*x(2) + 1.9814e-06*x(1)*x(2)*x(2) - 1.62086e-06*x(1)*x(1)*x(2) - 8.4447e-07*x(2) + 6.73321e-07*x(1)*x(1) - 2.72926e-07*x(1)*x(1)*x(1) - 2.42831e-07*x(2)*x(2)*x(2) - 1.96387e-07*x(1)*x(2)
