dx(1)/dt = 0.999769*x(2) + 0.00357287*x(1) - 0.000775497*x(1)*x(1)*x(1) - 0.000461165*x(1)*x(1)*x(2) - 0.000155716*x(1)*x(1) + 0.000144164*x(1)*x(2)*x(2) + 0.000106644*x(2)*x(2)*x(2) + 5.55752e-05*x(2)*x(2) - 1.73003e-05*x(1)*x(2)
dx(2)/dt = 4.989*x(1) - 1.00071*x(1)*x(1)*x(1) - 0.505141*x(2) + 0.0110498*x(1)*x(1)*x(2) + 0.0031127*x(1)*x(2) + 0.00179519*x(1)*x(2)*x(2) - 0.00117269*x(2)*x(2)*x(2) + 0.000714993*x(1)*x(1) + 7.40637e-05*x(2)*x(2)
