dx(1)/dt = +0.23132*x(1) +1.01662*x(2) -0.01506*x(1)*x(1) -0.00520*x(1)*x(2) +0.00381*x(2)*x(2) -0.29874*x(1)*x(1)*x(1) +0.06025*x(1)*x(1)*x(2) +0.02985*x(1)*x(2)*x(2) -0.00227*x(2)*x(2)*x(2)
dx(2)/dt = +6.16835*x(1) -0.34778*x(2) -0.03186*x(1)*x(1) -0.03192*x(1)*x(2) +0.01001*x(2)*x(2) -1.92626*x(1)*x(1)*x(1) -0.49205*x(1)*x(1)*x(2) -0.16528*x(1)*x(2)*x(2) +0.04284*x(2)*x(2)*x(2)
