dx(1)/dt = -0.03453*x(1) -0.17358*x(2) -0.00174*x(1)*x(1) +0.08108*x(1)*x(2) -0.08591*x(2)*x(2) +6.12552*x(1)*x(1)*x(1) +1.76318*x(1)*x(1)*x(2) +2.24408*x(1)*x(2)*x(2) +0.53893*x(2)*x(2)*x(2) -0.43064*x(1)*x(1)*x(1)*x(1) -1.78037*x(1)*x(1)*x(1)*x(2) -0.75404*x(1)*x(1)*x(2)*x(2) +3.15138*x(1)*x(2)*x(2)*x(2) +1.68058*x(2)*x(2)*x(2)*x(2) -45.04534*x(1)*x(1)*x(1)*x(1)*x(1) +6.20165*x(1)*x(1)*x(1)*x(1)*x(2) -18.88348*x(1)*x(1)*x(1)*x(2)*x(2) -11.08804*x(1)*x(1)*x(2)*x(2)*x(2) -30.09927*x(1)*x(2)*x(2)*x(2)*x(2) -6.42519*x(2)*x(2)*x(2)*x(2)*x(2) +4.07160*x(1)*x(1)*x(1)*x(1)*x(1)*x(1) +3.33150*x(1)*x(1)*x(1)*x(1)*x(1)*x(2) +3.57923*x(1)*x(1)*x(1)*x(1)*x(2)*x(2) -1.36884*x(1)*x(1)*x(1)*x(2)*x(2)*x(2) +4.18161*x(1)*x(1)*x(2)*x(2)*x(2)*x(2) -13.32656*x(1)*x(2)*x(2)*x(2)*x(2)*x(2) -6.40328*x(2)*x(2)*x(2)*x(2)*x(2)*x(2) +57.59289*x(1)*x(1)*x(1)*x(1)*x(1)*x(1)*x(1) -18.74223*x(1)*x(1)*x(1)*x(1)*x(1)*x(1)*x(2) +43.64918*x(1)*x(1)*x(1)*x(1)*x(1)*x(2)*x(2) +12.60107*x(1)*x(1)*x(1)*x(1)*x(2)*x(2)*x(2) +39.42323*x(1)*x(1)*x(1)*x(2)*x(2)*x(2)*x(2) +9.11268*x(1)*x(1)*x(2)*x(2)*x(2)*x(2)*x(2) +38.04631*x(1)*x(2)*x(2)*x(2)*x(2)*x(2)*x(2) +13.35079*x(2)*x(2)*x(2)*x(2)*x(2)*x(2)*x(2)
dx(2)/dt = +0.11395*x(1) -0.02291*x(2) +0.12880*x(1)*x(1) -0.11333*x(1)*x(2) -0.16051*x(2)*x(2) +0.72448*x(1)*x(1)*x(1) +1.98074*x(1)*x(1)*x(2) +1.05364*x(1)*x(2)*x(2) +6.07812*x(2)*x(2)*x(2) -1.52248*x(1)*x(1)*x(1)*x(1) -0.98567*x(1)*x(1)*x(1)*x(2) +1.82078*x(1)*x(1)*x(2)*x(2) +2.73895*x(1)*x(2)*x(2)*x(2) +2.81918*x(2)*x(2)*x(2)*x(2) -1.19279*x(1)*x(1)*x(1)*x(1)*x(1) -27.45626*x(1)*x(1)*x(1)*x(1)*x(2) +13.04361*x(1)*x(1)*x(1)*x(2)*x(2) -18.46325*x(1)*x(1)*x(2)*x(2)*x(2) -17.18797*x(1)*x(2)*x(2)*x(2)*x(2) -47.27368*x(2)*x(2)*x(2)*x(2)*x(2) +4.44604*x(1)*x(1)*x(1)*x(1)*x(1)*x(1) +4.13946*x(1)*x(1)*x(1)*x(1)*x(1)*x(2) -3.02556*x(1)*x(1)*x(1)*x(1)*x(2)*x(2) +4.27197*x(1)*x(1)*x(1)*x(2)*x(2)*x(2) -13.37379*x(1)*x(1)*x(2)*x(2)*x(2)*x(2) -9.32829*x(1)*x(2)*x(2)*x(2)*x(2)*x(2) -7.31622*x(2)*x(2)*x(2)*x(2)*x(2)*x(2) -0.41349*x(1)*x(1)*x(1)*x(1)*x(1)*x(1)*x(1) +31.94989*x(1)*x(1)*x(1)*x(1)*x(1)*x(1)*x(2) -15.66669*x(1)*x(1)*x(1)*x(1)*x(1)*x(2)*x(2) +40.89626*x(1)*x(1)*x(1)*x(1)*x(2)*x(2)*x(2) -12.04536*x(1)*x(1)*x(1)*x(2)*x(2)*x(2)*x(2) +41.56651*x(1)*x(1)*x(2)*x(2)*x(2)*x(2)*x(2) +32.68230*x(1)*x(2)*x(2)*x(2)*x(2)*x(2)*x(2) +63.76842*x(2)*x(2)*x(2)*x(2)*x(2)*x(2)*x(2)
