dx(1)/dt = +0.00000·x(1) -3.00428·x(2) +0.00007·x(1)*x(1) -0.00000·x(1)*x(2) -0.00007·x(2)*x(2) -1.06376·x(1)*x(1)*x(1) +0.00000·x(1)*x(1)*x(2) -1.04893·x(1)*x(2)*x(2) +0.00000·x(2)*x(2)*x(2) +0.00271·x(1)*x(1)*x(1)*x(1) -0.00000·x(1)*x(1)*x(1)*x(2) +0.00000·x(1)*x(1)*x(2)*x(2) +0.00000·x(1)*x(2)*x(2)*x(2) -0.00271·x(2)*x(2)*x(2)*x(2) +0.00000·x(1)*x(1)*x(1)*x(1)*x(1) +0.00000·x(1)*x(1)*x(1)*x(1)*x(2) +0.00000·x(1)*x(1)*x(1)*x(2)*x(2) -0.00000·x(1)*x(1)*x(2)*x(2)*x(2) +0.00000·x(1)*x(2)*x(2)*x(2)*x(2) -0.00000·x(2)*x(2)*x(2)*x(2)*x(2) -0.01375·x(1)*x(1)*x(1)*x(1)*x(1)*x(1) -0.00000·x(1)*x(1)*x(1)*x(1)*x(1)*x(2) +0.00000·x(1)*x(1)*x(1)*x(1)*x(2)*x(2) -0.00000·x(1)*x(1)*x(1)*x(2)*x(2)*x(2) +0.00000·x(1)*x(1)*x(2)*x(2)*x(2)*x(2) +0.00000·x(1)*x(2)*x(2)*x(2)*x(2)*x(2) +0.01373·x(2)*x(2)*x(2)*x(2)*x(2)*x(2) +0.00000·x(1)*x(1)*x(1)*x(1)*x(1)*x(1)*x(1) -0.00000·x(1)*x(1)*x(1)*x(1)*x(1)*x(1)*x(2) +0.00000·x(1)*x(1)*x(1)*x(1)*x(1)*x(2)*x(2) -0.00000·x(1)*x(1)*x(1)*x(1)*x(2)*x(2)*x(2) +0.00000·x(1)*x(1)*x(1)*x(2)*x(2)*x(2)*x(2) -0.00000·x(1)*x(1)*x(2)*x(2)*x(2)*x(2)*x(2) +0.00000·x(1)*x(2)*x(2)*x(2)*x(2)*x(2)*x(2) -0.00000·x(2)*x(2)*x(2)*x(2)*x(2)*x(2)*x(2)
dx(2)/dt = +3.00433·x(1) +0.00000·x(2) +0.00032·x(1)*x(1) -0.00000·x(1)*x(2) -0.00032·x(2)*x(2) -0.00000·x(1)*x(1)*x(1) -1.04799·x(1)*x(1)*x(2) -0.00000·x(1)*x(2)*x(2) -1.06362·x(2)*x(2)*x(2) +0.00681·x(1)*x(1)*x(1)*x(1) +0.01656·x(1)*x(1)*x(1)*x(2) -0.00000·x(1)*x(1)*x(2)*x(2) +0.01656·x(1)*x(2)*x(2)*x(2) -0.00679·x(2)*x(2)*x(2)*x(2) +0.00000·x(1)*x(1)*x(1)*x(1)*x(1) +0.00000·x(1)*x(1)*x(1)*x(1)*x(2) +0.00000·x(1)*x(1)*x(1)*x(2)*x(2) +0.00000·x(1)*x(1)*x(2)*x(2)*x(2) -0.00000·x(1)*x(2)*x(2)*x(2)*x(2) +0.00000·x(2)*x(2)*x(2)*x(2)*x(2) -0.02607·x(1)*x(1)*x(1)*x(1)*x(1)*x(1) +0.00000·x(1)*x(1)*x(1)*x(1)*x(1)*x(2) -0.00000·x(1)*x(1)*x(1)*x(1)*x(2)*x(2) -0.00000·x(1)*x(1)*x(1)*x(2)*x(2)*x(2) -0.00000·x(1)*x(1)*x(2)*x(2)*x(2)*x(2) -0.00000·x(1)*x(2)*x(2)*x(2)*x(2)*x(2) +0.02599·x(2)*x(2)*x(2)*x(2)*x(2)*x(2) +0.00000·x(1)*x(1)*x(1)*x(1)*x(1)*x(1)*x(1) +0.00000·x(1)*x(1)*x(1)*x(1)*x(1)*x(1)*x(2) +0.00000·x(1)*x(1)*x(1)*x(1)*x(1)*x(2)*x(2) +0.00000·x(1)*x(1)*x(1)*x(1)*x(2)*x(2)*x(2) +0.00000·x(1)*x(1)*x(1)*x(2)*x(2)*x(2)*x(2) +0.00000·x(1)*x(1)*x(2)*x(2)*x(2)*x(2)*x(2) +0.00000·x(1)*x(2)*x(2)*x(2)*x(2)*x(2)*x(2) +0.00000·x(2)*x(2)*x(2)*x(2)*x(2)*x(2)*x(2)
