dx(1)/dt = -0.00327*x(1) +0.99559*x(2) +0.15141*x(3) -0.03029*x(4) -0.03930*x(1)*x(1) +0.03773*x(1)*x(2) +0.23425*x(1)*x(3) +0.29101*x(1)*x(4) +0.00236*x(2)*x(2) -0.10206*x(2)*x(3) -0.13502*x(2)*x(4) -1.27172*x(3)*x(3) -0.59958*x(3)*x(4) +0.07718*x(4)*x(4) +0.00165*x(1)*x(1)*x(1) -0.10152*x(1)*x(1)*x(2) +0.21225*x(1)*x(1)*x(3) -0.21301*x(1)*x(1)*x(4) +0.08562*x(1)*x(2)*x(2) +0.40564*x(1)*x(2)*x(3) +0.28181*x(1)*x(2)*x(4) -0.44668*x(1)*x(3)*x(3) -0.55305*x(1)*x(3)*x(4) -1.10343*x(1)*x(4)*x(4) +0.00405*x(2)*x(2)*x(2) -0.64901*x(2)*x(2)*x(3) -0.05848*x(2)*x(2)*x(4) +0.39692*x(2)*x(3)*x(3) +2.74739*x(2)*x(3)*x(4) -0.07885*x(2)*x(4)*x(4) +2.28012*x(3)*x(3)*x(3) +2.77102*x(3)*x(3)*x(4) -0.62109*x(3)*x(4)*x(4) +0.48028*x(4)*x(4)*x(4)
dx(2)/dt = +0.92434*x(1) +0.17722*x(2) +14.66834*x(3) +2.41484*x(4) -2.45694*x(1)*x(1) -1.36228*x(1)*x(2) -22.24851*x(1)*x(3) -2.11148*x(1)*x(4) -0.10550*x(2)*x(2) -7.28187*x(2)*x(3) +8.33183*x(2)*x(4) -85.28312*x(3)*x(3) +10.53948*x(3)*x(4) -12.40867*x(4)*x(4) +0.57196*x(1)*x(1)*x(1) +0.80013*x(1)*x(1)*x(2) +8.39143*x(1)*x(1)*x(3) -0.48246*x(1)*x(1)*x(4) -6.54047*x(1)*x(2)*x(2) +3.21411*x(1)*x(2)*x(3) +4.11216*x(1)*x(2)*x(4) +39.40182*x(1)*x(3)*x(3) +2.64457*x(1)*x(3)*x(4) +60.78005*x(1)*x(4)*x(4) -0.14015*x(2)*x(2)*x(2) +1.73874*x(2)*x(2)*x(3) +0.43258*x(2)*x(2)*x(4) +16.82548*x(2)*x(3)*x(3) -144.50762*x(2)*x(3)*x(4) +5.59891*x(2)*x(4)*x(4) +123.97116*x(3)*x(3)*x(3) -68.15687*x(3)*x(3)*x(4) +35.89269*x(3)*x(4)*x(4) -10.35700*x(4)*x(4)*x(4)
dx(3)/dt = +0.00366*x(1) +0.00238*x(2) +0.20016*x(3) +0.98972*x(4) -0.07550*x(1)*x(1) +0.00165*x(1)*x(2) -0.03241*x(1)*x(3) -0.07326*x(1)*x(4) -0.00913*x(2)*x(2) +0.01520*x(2)*x(3) -0.00520*x(2)*x(4) +0.09141*x(3)*x(3) +0.56762*x(3)*x(4) -0.54644*x(4)*x(4) -0.00155*x(1)*x(1)*x(1) +0.01538*x(1)*x(1)*x(2) +0.28210*x(1)*x(1)*x(3) -0.15888*x(1)*x(1)*x(4) -0.00000*x(1)*x(2)*x(2) +0.15908*x(1)*x(2)*x(3) +0.30622*x(1)*x(2)*x(4) +0.08925*x(1)*x(3)*x(3) +0.46047*x(1)*x(3)*x(4) -0.09029*x(1)*x(4)*x(4) -0.00190*x(2)*x(2)*x(2) +0.06129*x(2)*x(2)*x(3) +0.00000*x(2)*x(2)*x(4) -0.63718*x(2)*x(3)*x(3) +0.20851*x(2)*x(3)*x(4) +0.05701*x(2)*x(4)*x(4) -2.26943*x(3)*x(3)*x(3) -1.10308*x(3)*x(3)*x(4) +0.31072*x(3)*x(4)*x(4) +0.00000*x(4)*x(4)*x(4)
dx(4)/dt = +0.08168*x(1) -0.01792*x(2) -1.87298*x(3) +2.17014*x(4) +1.34200*x(1)*x(1) -0.80803*x(1)*x(2) +0.91080*x(1)*x(3) +1.33938*x(1)*x(4) +0.51529*x(2)*x(2) +0.17924*x(2)*x(3) -0.01928*x(2)*x(4) -35.90897*x(3)*x(3) -43.12831*x(3)*x(4) +19.72576*x(4)*x(4) -0.45171*x(1)*x(1)*x(1) -0.18949*x(1)*x(1)*x(2) -4.55857*x(1)*x(1)*x(3) -0.98756*x(1)*x(1)*x(4) -0.11624*x(1)*x(2)*x(2) +16.49823*x(1)*x(2)*x(3) -6.31535*x(1)*x(2)*x(4) +0.72915*x(1)*x(3)*x(3) -5.99924*x(1)*x(3)*x(4) -2.51177*x(1)*x(4)*x(4) +0.01055*x(2)*x(2)*x(2) -10.18372*x(2)*x(2)*x(3) -0.50693*x(2)*x(2)*x(4) +3.04470*x(2)*x(3)*x(3) +7.62797*x(2)*x(3)*x(4) -1.40144*x(2)*x(4)*x(4) +99.45234*x(3)*x(3)*x(3) +80.60923*x(3)*x(3)*x(4) -24.65228*x(3)*x(4)*x(4) +3.68845*x(4)*x(4)*x(4)
