dx(1)/dt = 0.956164*x(2) - 0.15702*x(1)*x(1) + 0.059205*x(1)*x(2) + 0.0202244*x(1)
dx(2)/dt = -21.7303*x(1) + 1.00268*x(1)*x(1) + 0.380947*x(1)*x(2) - 0.0938531*x(2) + 0.0365958*x(2)*x(2)
