dx(1)/dt = +0.14672*x(1) -1.23327*x(2) -0.03093*x(1)*x(1) +0.16303*x(1)*x(2) +0.03111*x(2)*x(2) +1.57960*x(1)*x(1)*x(1) -2.52654*x(1)*x(1)*x(2) -3.95415*x(1)*x(2)*x(2) +0.29944*x(2)*x(2)*x(2) +0.23958*x(1)*x(1)*x(1)*x(1) -0.35732*x(1)*x(1)*x(1)*x(2) +0.53510*x(1)*x(1)*x(2)*x(2) -0.60733*x(1)*x(2)*x(2)*x(2) -0.05201*x(2)*x(2)*x(2)*x(2) -13.10001*x(1)*x(1)*x(1)*x(1)*x(1) -1.25515*x(1)*x(1)*x(1)*x(1)*x(2) -1.53732*x(1)*x(1)*x(1)*x(2)*x(2) +6.85947*x(1)*x(1)*x(2)*x(2)*x(2) -0.97615*x(1)*x(2)*x(2)*x(2)*x(2) -4.58026*x(2)*x(2)*x(2)*x(2)*x(2) -0.24865*x(1)*x(1)*x(1)*x(1)*x(1)*x(1) +0.13681*x(1)*x(1)*x(1)*x(1)*x(1)*x(2) -0.31362*x(1)*x(1)*x(1)*x(1)*x(2)*x(2) +0.44065*x(1)*x(1)*x(1)*x(2)*x(2)*x(2) -0.38077*x(1)*x(1)*x(2)*x(2)*x(2)*x(2) +0.49203*x(1)*x(2)*x(2)*x(2)*x(2)*x(2) +0.00000*x(2)*x(2)*x(2)*x(2)*x(2)*x(2) +8.29879*x(1)*x(1)*x(1)*x(1)*x(1)*x(1)*x(1) +2.60992*x(1)*x(1)*x(1)*x(1)*x(1)*x(1)*x(2) +5.89716*x(1)*x(1)*x(1)*x(1)*x(1)*x(2)*x(2) -2.25589*x(1)*x(1)*x(1)*x(1)*x(2)*x(2)*x(2) +0.94490*x(1)*x(1)*x(1)*x(2)*x(2)*x(2)*x(2) -2.71195*x(1)*x(1)*x(2)*x(2)*x(2)*x(2)*x(2) +1.98242*x(1)*x(2)*x(2)*x(2)*x(2)*x(2)*x(2) +3.60346*x(2)*x(2)*x(2)*x(2)*x(2)*x(2)*x(2)
dx(2)/dt = +1.24815*x(1) +0.16867*x(2) +0.06662*x(1)*x(1) -0.05063*x(1)*x(2) +0.05402*x(2)*x(2) -0.26951*x(1)*x(1)*x(1) -4.67121*x(1)*x(1)*x(2) +2.61103*x(1)*x(2)*x(2) +1.20614*x(2)*x(2)*x(2) -0.23551*x(1)*x(1)*x(1)*x(1) +0.49285*x(1)*x(1)*x(1)*x(2) -0.67696*x(1)*x(1)*x(2)*x(2) +0.32267*x(1)*x(2)*x(2)*x(2) -0.12466*x(2)*x(2)*x(2)*x(2) +4.17348*x(1)*x(1)*x(1)*x(1)*x(1) +2.02011*x(1)*x(1)*x(1)*x(1)*x(2) -6.61550*x(1)*x(1)*x(1)*x(2)*x(2) -2.75978*x(1)*x(1)*x(2)*x(2)*x(2) +1.40982*x(1)*x(2)*x(2)*x(2)*x(2) -11.81388*x(2)*x(2)*x(2)*x(2)*x(2) +0.18992*x(1)*x(1)*x(1)*x(1)*x(1)*x(1) -0.44629*x(1)*x(1)*x(1)*x(1)*x(1)*x(2) +0.32296*x(1)*x(1)*x(1)*x(1)*x(2)*x(2) -0.44289*x(1)*x(1)*x(1)*x(2)*x(2)*x(2) +0.69210*x(1)*x(1)*x(2)*x(2)*x(2)*x(2) -0.10125*x(1)*x(2)*x(2)*x(2)*x(2)*x(2) +0.06279*x(2)*x(2)*x(2)*x(2)*x(2)*x(2) -3.21462*x(1)*x(1)*x(1)*x(1)*x(1)*x(1)*x(1) -0.24807*x(1)*x(1)*x(1)*x(1)*x(1)*x(1)*x(2) +2.32902*x(1)*x(1)*x(1)*x(1)*x(1)*x(2)*x(2) +1.53118*x(1)*x(1)*x(1)*x(1)*x(2)*x(2)*x(2) +2.27913*x(1)*x(1)*x(1)*x(2)*x(2)*x(2)*x(2) +6.38463*x(1)*x(1)*x(2)*x(2)*x(2)*x(2)*x(2) -2.99486*x(1)*x(2)*x(2)*x(2)*x(2)*x(2)*x(2) +7.43092*x(2)*x(2)*x(2)*x(2)*x(2)*x(2)*x(2)
