dx(1)/dt = +0.00357·1 -1.08072·x(1) +2.24240·x(2) +0.68026·x(1)*x(1) -0.00000·x(1)*x(2) -0.67149·x(2)*x(2) -15.65182·x(1)*x(1)*x(1) -0.00000·x(1)*x(1)*x(2) +40.74489·x(1)*x(2)*x(2) -0.00000·x(2)*x(2)*x(2)
dx(2)/dt = +0.07552·1 -2.60699·x(1) -0.00000·x(2) +1.24023·x(1)*x(1) -0.00000·x(1)*x(2) -2.05063·x(2)*x(2) -12.49723·x(1)*x(1)*x(1) -0.00000·x(1)*x(1)*x(2) +44.54608·x(1)*x(2)*x(2) -0.00000·x(2)*x(2)*x(2)
