dx(1)/dt = +0.00332·1 -1.07854·x(1) +2.24791·x(2) +0.87179·x(1)*x(1) -0.00000·x(1)*x(2) -0.87529·x(2)*x(2) -15.05555·x(1)*x(1)*x(1) -0.00000·x(1)*x(1)*x(2) +39.16934·x(1)*x(2)*x(2) -0.00000·x(2)*x(2)*x(2)
dx(2)/dt = +0.07527·1 -2.60177·x(1) -0.00000·x(2) +1.40834·x(1)*x(1) -0.00000·x(1)*x(2) -2.22855·x(2)*x(2) -11.88146·x(1)*x(1)*x(1) -0.00000·x(1)*x(1)*x(2) +42.86032·x(1)*x(2)*x(2) -0.00000·x(2)*x(2)*x(2)
