dx(1)/dt = +0.00008·x(1) +0.99944·x(2) -0.00000·x(1)*x(1) -0.00001·x(1)*x(2) +0.00001·x(2)*x(2) +0.00011·x(1)*x(1)*x(1) +0.00135·x(1)*x(1)*x(2) -0.00114·x(1)*x(2)*x(2) +0.00026·x(2)*x(2)*x(2) +0.00000·x(1)*x(1)*x(1)*x(1) -0.00000·x(1)*x(1)*x(1)*x(2) -0.00001·x(1)*x(1)*x(2)*x(2) +0.00001·x(1)*x(2)*x(2)*x(2) -0.00000·x(2)*x(2)*x(2)*x(2) -0.00000·x(1)*x(1)*x(1)*x(1)*x(1) +0.00007·x(1)*x(1)*x(1)*x(1)*x(2) +0.00094·x(1)*x(1)*x(1)*x(2)*x(2) -0.00103·x(1)*x(1)*x(2)*x(2)*x(2) -0.00005·x(1)*x(2)*x(2)*x(2)*x(2) +0.00005·x(2)*x(2)*x(2)*x(2)*x(2)
dx(2)/dt = -1.00233·x(1) +1.00002·x(2) -0.00012·x(1)*x(1) +0.00033·x(1)*x(2) -0.00029·x(2)*x(2) -0.00340·x(1)*x(1)*x(1) -0.99218·x(1)*x(1)*x(2) +0.00742·x(1)*x(2)*x(2) -0.00670·x(2)*x(2)*x(2) +0.00000·x(1)*x(1)*x(1)*x(1) -0.00009·x(1)*x(1)*x(1)*x(2) +0.00036·x(1)*x(1)*x(2)*x(2) -0.00007·x(1)*x(2)*x(2)*x(2) +0.00002·x(2)*x(2)*x(2)*x(2) +0.00002·x(1)*x(1)*x(1)*x(1)*x(1) -0.00297·x(1)*x(1)*x(1)*x(1)*x(2) +0.00958·x(1)*x(1)*x(1)*x(2)*x(2) +0.01206·x(1)*x(1)*x(2)*x(2)*x(2) -0.00796·x(1)*x(2)*x(2)*x(2)*x(2) +0.00067·x(2)*x(2)*x(2)*x(2)*x(2)
