dx(1)/dt = -0.869144*x(1) + 0.715287*x(2)
dx(2)/dt = -16.1169*x(1) - 1.52003*x(2)
