dx(1)/dt = 0.972567*x(2) - 0.00727467*x(1)
dx(2)/dt = -16.9093*x(1) - 1.93859*x(2)
