dx(1)/dt = 0.873987*x(2) - 0.251631*x(1)
dx(2)/dt = -16.8412*x(1) - 1.79541*x(2)
