dx(1)/dt = -2.8975*x(1) + 0.753615*x(2)
dx(2)/dt = -2.03202*x(1) - 0.988883*x(2)
