dx(1)/dt = -2.51236*x(1) + 0.468926*x(2)
dx(2)/dt = -10.5211*x(1) - 0.598653*x(2)
