dx(1)/dt = -2.99447*x(1) + 0.543862*x(2)
dx(2)/dt = -6.2387*x(1) - 0.322791*x(2)
