dx(1)/dt = -1.71625*x(1) + 0.553802*x(2)
dx(2)/dt = -14.0151*x(1) - 1.08606*x(2)
