dx(1)/dt = -18.2492*x(1)*x(1)*x(1)*x(1)*x(1) + 13.3357*x(1)*x(1)*x(1)*x(1)*x(1)*x(1)*x(1) + 8.19439*x(1)*x(1)*x(1)*x(2)*x(2) - 6.48342*x(1)*x(2)*x(2) + 3.12711*x(1)*x(1)*x(1)*x(1)*x(2)*x(2)*x(2) - 2.76956*x(1)*x(1)*x(2)*x(2)*x(2) + 2.50792*x(1)*x(2)*x(2)*x(2)*x(2)*x(2)*x(2) - 2.21178*x(1)*x(1)*x(1)*x(2)*x(2)*x(2)*x(2) + 1.72971*x(1)*x(1)*x(1) - 1.4718*x(2)*x(2)*x(2) - 1.40334*x(1)*x(1)*x(1)*x(1)*x(1)*x(1)*x(2) + 1.36189*x(1)*x(1)*x(2) - 0.93305*x(1)*x(1)*x(1)*x(2) + 0.777479*x(2)*x(2)*x(2)*x(2)*x(2) + 0.63707*x(1)*x(1)*x(1)*x(1)*x(1)*x(2) + 0.575869*x(2)*x(2)*x(2)*x(2)*x(2)*x(2)*x(2) - 0.438607*x(2) + 0.427966*x(1)*x(1)*x(1)*x(2)*x(2)*x(2) - 0.311522*x(1)*x(1)*x(1)*x(1)*x(1)*x(1) - 0.296052*x(1)*x(1)*x(2)*x(2)*x(2)*x(2) + 0.263278*x(1)*x(1)*x(1)*x(1) + 0.247313*x(1)*x(1)*x(2)*x(2) + 0.217653*x(1) + 0.150203*x(1)*x(2) - 0.139356*x(1)*x(2)*x(2)*x(2) + 0.126751*x(1)*x(2)*x(2)*x(2)*x(2)*x(2) - 0.0861581*x(1)*x(1)*x(1)*x(1)*x(1)*x(2)*x(2) - 0.0683222*x(1)*x(1)*x(1)*x(1)*x(2) + 0.0230489*x(1)*x(2)*x(2)*x(2)*x(2)
dx(2)/dt = -15.127*x(2)*x(2)*x(2)*x(2)*x(2) + 11.1668*x(2)*x(2)*x(2)*x(2)*x(2)*x(2)*x(2) - 6.53994*x(1)*x(1)*x(2) + 6.20834*x(1)*x(1)*x(2)*x(2)*x(2) + 2.77179*x(1)*x(1)*x(1)*x(2)*x(2) + 2.55587*x(1)*x(2)*x(2)*x(2)*x(2)*x(2)*x(2) - 2.46513*x(1)*x(1)*x(1)*x(2)*x(2)*x(2)*x(2) - 2.32208*x(1)*x(2)*x(2)*x(2)*x(2) - 1.9138*x(1)*x(1)*x(1)*x(1)*x(1) + 1.80849*x(1)*x(1)*x(1)*x(1)*x(2) + 1.67944*x(1)*x(1)*x(1) - 1.63501*x(1)*x(1)*x(1)*x(1)*x(2)*x(2)*x(2) + 1.06353*x(1)*x(1)*x(2)*x(2)*x(2)*x(2)*x(2) + 0.987414*x(1)*x(1)*x(1)*x(1)*x(1)*x(1)*x(2) - 0.889973*x(1)*x(1)*x(1)*x(1)*x(1)*x(2)*x(2) + 0.810899*x(1)*x(1)*x(2)*x(2)*x(2)*x(2) + 0.727363*x(2)*x(2)*x(2) - 0.649577*x(1)*x(1)*x(2)*x(2) + 0.429048*x(1)*x(1)*x(1)*x(1)*x(1)*x(1)*x(1) + 0.428047*x(1) - 0.350144*x(2)*x(2)*x(2)*x(2) + 0.348985*x(1)*x(1)*x(1)*x(2) - 0.342656*x(1)*x(1)*x(1)*x(1)*x(1)*x(2) + 0.253144*x(2) + 0.231945*x(1)*x(1)*x(1)*x(1)*x(2)*x(2) + 0.198336*x(2)*x(2)*x(2)*x(2)*x(2)*x(2) + 0.139848*x(2)*x(2) + 0.127064*x(1)*x(1)*x(1)*x(1)*x(1)*x(1) - 0.110598*x(1)*x(2)*x(2) - 0.104676*x(1)*x(1)*x(1)*x(1) + 0.0994406*x(1)*x(2)*x(2)*x(2) - 0.0976646*x(1)*x(1)*x(1)*x(2)*x(2)*x(2) - 0.0932247*x(1)*x(2)*x(2)*x(2)*x(2)*x(2)
