dx(1)/dt = -12.0167*x(1)*x(1)*x(1)*x(1)*x(1) + 7.93329*x(1)*x(1)*x(1)*x(1)*x(1)*x(1)*x(1) - 7.62273*x(1)*x(2)*x(2)*x(2)*x(2) - 5.08698*x(2)*x(2)*x(2)*x(2)*x(2) + 4.84759*x(1)*x(2)*x(2)*x(2)*x(2)*x(2)*x(2) + 4.22064*x(2)*x(2)*x(2)*x(2)*x(2)*x(2)*x(2) + 2.07498*x(1)*x(1)*x(1)*x(2)*x(2)*x(2)*x(2) - 2.03152*x(2) + 1.7401*x(1)*x(1)*x(1) + 1.6542*x(1)*x(1)*x(1)*x(1)*x(2)*x(2)*x(2) + 1.0291*x(1)*x(1)*x(1)*x(1)*x(1)*x(2)*x(2) + 1.00141*x(1)*x(1)*x(1)*x(2)*x(2) - 0.593411*x(1)*x(1)*x(2) + 0.315929*x(2)*x(2)*x(2) - 0.27356*x(1)*x(1)*x(1)*x(1)*x(1)*x(1) + 0.262809*x(1)*x(1)*x(2)*x(2)*x(2)*x(2)*x(2) + 0.257454*x(1)*x(1)*x(1)*x(1) - 0.239688*x(1)*x(1)*x(1)*x(1)*x(1)*x(1)*x(2) + 0.230682*x(1)*x(1)*x(2)*x(2)*x(2)*x(2) - 0.212057*x(1)*x(2)*x(2) - 0.153949*x(1)*x(1)*x(2)*x(2)
dx(2)/dt = -11.122*x(2)*x(2)*x(2)*x(2)*x(2) + 7.18345*x(2)*x(2)*x(2)*x(2)*x(2)*x(2)*x(2) - 5.99649*x(1)*x(1)*x(1)*x(1)*x(2) + 4.43404*x(1)*x(1)*x(1)*x(1)*x(1) - 3.83419*x(1)*x(1)*x(1)*x(1)*x(1)*x(1)*x(1) + 3.51076*x(1)*x(1)*x(1)*x(1)*x(1)*x(1)*x(2) + 2.86326*x(1)*x(1)*x(1)*x(1)*x(2)*x(2)*x(2) + 2.01253*x(1) + 1.67183*x(1)*x(1)*x(2)*x(2)*x(2)*x(2)*x(2) + 1.62248*x(2)*x(2)*x(2) - 1.32711*x(1)*x(1)*x(1)*x(2)*x(2)*x(2)*x(2) - 1.1048*x(1)*x(1)*x(1)*x(2)*x(2) + 0.812395*x(1)*x(2)*x(2) - 0.49325*x(1)*x(1)*x(2) - 0.405827*x(1)*x(1)*x(2)*x(2)*x(2) + 0.403502*x(1)*x(1)*x(1)*x(1)*x(1)*x(2)*x(2) + 0.350029*x(1)*x(1)*x(2)*x(2)*x(2)*x(2) + 0.342354*x(1)*x(1)*x(1)*x(2) + 0.303182*x(1)*x(2)*x(2)*x(2)*x(2)*x(2)*x(2) - 0.296269*x(1)*x(1)*x(1)*x(1)*x(1)*x(2) - 0.199987*x(1)*x(1)*x(2)*x(2) + 0.160361*x(1)*x(1)*x(1)*x(1)*x(1)*x(1) - 0.151687*x(1)*x(1)*x(1)*x(2)*x(2)*x(2) - 0.134077*x(1)*x(1)*x(1)*x(1) - 0.125198*x(1)*x(2)*x(2)*x(2)*x(2)
