dx(1)/dt = -4.81294*x(1)*x(1)*x(1)*x(2)*x(2) + 3.16187*x(1)*x(1)*x(1)*x(1)*x(1)*x(2)*x(2) + 3.04244*x(1)*x(1)*x(1)*x(2)*x(2)*x(2)*x(2) - 2.64866*x(2) - 1.8648*x(2)*x(2)*x(2)*x(2)*x(2) + 1.80629*x(1)*x(1)*x(2)*x(2)*x(2)*x(2)*x(2) - 1.62626*x(1)*x(1)*x(2)*x(2)*x(2) - 1.43216*x(1)*x(2)*x(2)*x(2)*x(2) + 1.16012*x(2)*x(2)*x(2)*x(2)*x(2)*x(2)*x(2) - 1.11031*x(1)*x(1)*x(1)*x(1)*x(1) + 0.832697*x(1)*x(1)*x(1)*x(1)*x(2)*x(2)*x(2) + 0.401084*x(1)*x(1)*x(1)*x(1)*x(1)*x(1)*x(2) - 0.379024*x(1)*x(1)*x(1) + 0.325539*x(2)*x(2)*x(2) - 0.313817*x(1)*x(1)*x(1)*x(1)*x(2) - 0.306881*x(1)*x(2)*x(2) + 0.302847*x(1)*x(2)*x(2)*x(2)*x(2)*x(2)*x(2) - 0.19239*x(1)*x(1)*x(2) + 0.124103*x(1)*x(1)*x(1)*x(1)*x(1)*x(1)*x(1)
dx(2)/dt = -5.27794*x(1)*x(1)*x(2)*x(2)*x(2) + 3.49142*x(1)*x(1)*x(1)*x(1)*x(2)*x(2)*x(2) + 3.17832*x(1)*x(1)*x(2)*x(2)*x(2)*x(2)*x(2) + 2.65646*x(1) + 2.1414*x(1)*x(1)*x(1)*x(1)*x(1) - 1.97116*x(1)*x(1)*x(1)*x(1)*x(1)*x(2)*x(2) + 1.47669*x(1)*x(1)*x(1)*x(2)*x(2) - 1.34192*x(1)*x(1)*x(1)*x(1)*x(1)*x(1)*x(1) - 1.00799*x(1)*x(1)*x(1)*x(1)*x(2) - 0.942522*x(2)*x(2)*x(2)*x(2)*x(2) - 0.4781*x(1)*x(2)*x(2)*x(2)*x(2)*x(2)*x(2) - 0.451923*x(1)*x(1)*x(1)*x(2)*x(2)*x(2)*x(2) - 0.417121*x(1)*x(1)*x(1) - 0.405001*x(1)*x(1)*x(2) - 0.38238*x(2)*x(2)*x(2) + 0.295011*x(1)*x(1)*x(2)*x(2)*x(2)*x(2) + 0.271905*x(1)*x(2)*x(2)*x(2)*x(2) + 0.231841*x(1)*x(2)*x(2) - 0.191438*x(1)*x(1)*x(2)*x(2) - 0.179665*x(1)*x(1)*x(1)*x(1)*x(1)*x(2) + 0.130898*x(1)*x(1)*x(1)*x(2)
