dx(1)/dt = -14.5477*x(1)*x(1)*x(1)*x(1)*x(1) + 9.88251*x(1)*x(1)*x(1)*x(1)*x(1)*x(1)*x(1) + 7.44864*x(1)*x(1)*x(2)*x(2)*x(2) - 6.76591*x(1)*x(2)*x(2)*x(2)*x(2) - 6.56356*x(2)*x(2)*x(2)*x(2)*x(2) + 4.8539*x(2)*x(2)*x(2)*x(2)*x(2)*x(2)*x(2) + 4.6115*x(1)*x(2)*x(2)*x(2)*x(2)*x(2)*x(2) + 4.15528*x(1)*x(1)*x(1)*x(1)*x(1)*x(1)*x(2) - 3.09521*x(1)*x(1)*x(1)*x(1)*x(2)*x(2)*x(2) - 2.84992*x(1)*x(1)*x(1)*x(1)*x(2) - 2.3761*x(1)*x(1)*x(2) + 2.32571*x(1)*x(1)*x(1)*x(1)*x(1)*x(2)*x(2) + 2.31744*x(1)*x(1)*x(1)*x(2)*x(2)*x(2)*x(2) - 2.22896*x(1)*x(1)*x(2)*x(2)*x(2)*x(2)*x(2) + 1.96223*x(1)*x(1)*x(1) - 1.65584*x(2) - 1.06647*x(1)*x(2)*x(2) + 0.904835*x(2)*x(2)*x(2) + 0.334856*x(1)*x(1)*x(1)*x(2)*x(2) - 0.28781*x(1)*x(1)*x(1)*x(1)*x(1)*x(1) + 0.264905*x(1)*x(1)*x(1)*x(1) + 0.0474128*x(1)
dx(2)/dt = -13.2927*x(2)*x(2)*x(2)*x(2)*x(2) + 8.93339*x(2)*x(2)*x(2)*x(2)*x(2)*x(2)*x(2) - 7.87169*x(1)*x(1)*x(1)*x(2)*x(2) + 6.42636*x(1)*x(1)*x(1)*x(1)*x(1) - 4.68539*x(1)*x(1)*x(1)*x(1)*x(1)*x(1)*x(1) - 4.12295*x(1)*x(2)*x(2)*x(2)*x(2)*x(2)*x(2) - 3.72284*x(1)*x(1)*x(1)*x(1)*x(2) + 3.31465*x(1)*x(1)*x(2)*x(2)*x(2)*x(2)*x(2) + 3.27742*x(1)*x(1)*x(1)*x(2)*x(2)*x(2)*x(2) + 3.24475*x(1)*x(1)*x(1)*x(1)*x(2)*x(2)*x(2) + 2.64762*x(1)*x(2)*x(2) + 2.54844*x(1)*x(2)*x(2)*x(2)*x(2) + 2.37799*x(1)*x(1)*x(1)*x(1)*x(1)*x(2)*x(2) + 2.19425*x(1)*x(1)*x(1)*x(1)*x(1)*x(1)*x(2) + 1.66835*x(2)*x(2)*x(2) + 1.666*x(1) - 1.6314*x(1)*x(1)*x(2) - 1.61488*x(1)*x(1)*x(2)*x(2)*x(2) - 0.935254*x(1)*x(1)*x(1) + 0.42635*x(1)*x(1)*x(2)*x(2)*x(2)*x(2) - 0.320851*x(1)*x(1)*x(1)*x(1)*x(1)*x(2) + 0.306633*x(1)*x(1)*x(1)*x(2) - 0.262072*x(1)*x(1)*x(2)*x(2) - 0.243862*x(1)*x(1)*x(1)*x(2)*x(2)*x(2) + 0.113737*x(1)*x(2)*x(2)*x(2) + 0.0647855*x(2)
