dx(1)/dt = -0.00000·1 -0.80598·x(1) +2.28996·x(2) -0.26608·x(1)*x(1) -0.43848·x(1)*x(2) -0.00000·x(2)*x(2) -0.00000·x(1)*x(1)*x(1) -0.00000·x(1)*x(1)*x(2) -1.80935·x(1)*x(2)*x(2) +0.00000·x(2)*x(2)*x(2)
dx(2)/dt = +0.06258·1 -2.24054·x(1) +0.14345·x(2) -0.00000·x(1)*x(1) -0.55469·x(1)*x(2) -0.00000·x(2)*x(2) -0.00000·x(1)*x(1)*x(1) -2.53002·x(1)*x(1)*x(2) -0.00000·x(1)*x(2)*x(2) -0.32655·x(2)*x(2)*x(2)
