dx(1)/dt = -2.45623*x(1) +5.75852*x(2) +0.35997*x(1)*x(1) -0.31840*x(1)*x(2) -0.27370*x(2)*x(2) +7.35792*x(1)*x(1)*x(1) -7.87245*x(1)*x(1)*x(2) +7.43475*x(1)*x(2)*x(2) -10.99691*x(2)*x(2)*x(2) -1.52003*x(1)*x(1)*x(1)*x(1) +0.26459*x(1)*x(1)*x(1)*x(2) -0.01418*x(1)*x(1)*x(2)*x(2) +1.60025*x(1)*x(2)*x(2)*x(2) +0.39755*x(2)*x(2)*x(2)*x(2) -5.18636*x(1)*x(1)*x(1)*x(1)*x(1) +4.91328*x(1)*x(1)*x(1)*x(1)*x(2) -16.31159*x(1)*x(1)*x(1)*x(2)*x(2) +16.89458*x(1)*x(1)*x(2)*x(2)*x(2) -5.35354*x(1)*x(2)*x(2)*x(2)*x(2) +10.29819*x(2)*x(2)*x(2)*x(2)*x(2)
dx(2)/dt = -5.99039*x(1) -2.26485*x(2) -0.51113*x(1)*x(1) -1.13598*x(1)*x(2) +0.14189*x(2)*x(2) +11.25337*x(1)*x(1)*x(1) +8.01847*x(1)*x(1)*x(2) +9.60248*x(1)*x(2)*x(2) +6.22152*x(2)*x(2)*x(2) +1.46762*x(1)*x(1)*x(1)*x(1) +3.28593*x(1)*x(1)*x(1)*x(2) +0.68668*x(1)*x(1)*x(2)*x(2) +2.37176*x(1)*x(2)*x(2)*x(2) +0.02747*x(2)*x(2)*x(2)*x(2) -10.11084*x(1)*x(1)*x(1)*x(1)*x(1) -6.40859*x(1)*x(1)*x(1)*x(1)*x(2) -19.28764*x(1)*x(1)*x(1)*x(2)*x(2) -17.03119*x(1)*x(1)*x(2)*x(2)*x(2) -7.35692*x(1)*x(2)*x(2)*x(2)*x(2) -3.24143*x(2)*x(2)*x(2)*x(2)*x(2)
