dx(1)/dt = +0.00002·x(1) +0.99994·x(2) -0.00000·x(1)*x(1) -0.00000·x(1)*x(2) +0.00000·x(2)*x(2) -0.00001·x(1)*x(1)*x(1) +0.00003·x(1)*x(1)*x(2) +0.00000·x(1)*x(2)*x(2) -0.00000·x(2)*x(2)*x(2)
dx(2)/dt = +5.00041·x(1) -0.49986·x(2) +0.00000·x(1)*x(1) -0.00001·x(1)*x(2) +0.00000·x(2)*x(2) -1.00012·x(1)*x(1)*x(1) -0.00006·x(1)*x(1)*x(2) +0.00008·x(1)*x(2)*x(2) -0.00000·x(2)*x(2)*x(2)
