dx(1)/dt = -0.00000·1 -0.80043·x(1) +2.30513·x(2) -0.00000·x(1)*x(1) -0.44881·x(1)*x(2) -0.00000·x(2)*x(2) -0.00000·x(1)*x(1)*x(1) -0.00000·x(1)*x(1)*x(2) -1.84509·x(1)*x(2)*x(2) +0.00000·x(2)*x(2)*x(2)
dx(2)/dt = +0.06313·1 -2.23938·x(1) +0.14358·x(2) -0.00000·x(1)*x(1) -0.59839·x(1)*x(2) -0.00000·x(2)*x(2) -0.00000·x(1)*x(1)*x(1) -2.51178·x(1)*x(1)*x(2) -0.00000·x(1)*x(2)*x(2) -0.31337·x(2)*x(2)*x(2)
