dx(1)/dt = +2.14340·x(1) +0.87822·x(2) -0.03449·x(1)*x(1) -0.03241·x(1)*x(2) +0.01549·x(2)*x(2) -1.88754·x(1)*x(1)*x(1) +0.61676·x(1)*x(1)*x(2) -2.66893·x(1)*x(2)*x(2) +0.34139·x(2)*x(2)*x(2) +0.03528·x(1)*x(1)*x(1)*x(1) +0.02945·x(1)*x(1)*x(1)*x(2) -0.01490·x(1)*x(1)*x(2)*x(2) +0.01176·x(1)*x(2)*x(2)*x(2) -0.01072·x(2)*x(2)*x(2)*x(2) -0.22932·x(1)*x(1)*x(1)*x(1)*x(1) -0.10459·x(1)*x(1)*x(1)*x(1)*x(2) +0.71920·x(1)*x(1)*x(1)*x(2)*x(2) -0.25943·x(1)*x(1)*x(2)*x(2)*x(2) +0.36395·x(1)*x(2)*x(2)*x(2)*x(2) +0.13813·x(2)*x(2)*x(2)*x(2)*x(2)
dx(2)/dt = -0.80809·x(1) +2.45978·x(2) -0.03068·x(1)*x(1) +0.00966·x(1)*x(2) +0.01406·x(2)*x(2) -0.43948·x(1)*x(1)*x(1) -2.96700·x(1)*x(1)*x(2) -0.72208·x(1)*x(2)*x(2) -2.39058·x(2)*x(2)*x(2) +0.03342·x(1)*x(1)*x(1)*x(1) -0.00508·x(1)*x(1)*x(1)*x(2) +0.00272·x(1)*x(1)*x(2)*x(2) -0.01544·x(1)*x(2)*x(2)*x(2) -0.01737·x(2)*x(2)*x(2)*x(2) -0.10846·x(1)*x(1)*x(1)*x(1)*x(1) +0.37085·x(1)*x(1)*x(1)*x(1)*x(2) +0.25601·x(1)*x(1)*x(1)*x(2)*x(2) +0.88704·x(1)*x(1)*x(2)*x(2)*x(2) +0.12425·x(1)*x(2)*x(2)*x(2)*x(2) -0.04430·x(2)*x(2)*x(2)*x(2)*x(2)
