dx(1)/dt = +1.20859*x(1) +4.09786*x(2) -0.01887*x(1)*x(1) -0.00506*x(1)*x(2) +0.01489*x(2)*x(2) -1.79184*x(1)*x(1)*x(1) -1.42848*x(1)*x(1)*x(2) -1.76307*x(1)*x(2)*x(2) -1.43489*x(2)*x(2)*x(2) +0.02421*x(1)*x(1)*x(1)*x(1) +0.01216*x(1)*x(1)*x(1)*x(2) -0.02843*x(1)*x(1)*x(2)*x(2) -0.00217*x(1)*x(2)*x(2)*x(2) -0.00944*x(2)*x(2)*x(2)*x(2) +0.58292*x(1)*x(1)*x(1)*x(1)*x(1) +0.58093*x(1)*x(1)*x(1)*x(1)*x(2) +1.13707*x(1)*x(1)*x(1)*x(2)*x(2) +1.16828*x(1)*x(1)*x(2)*x(2)*x(2) +0.55414*x(1)*x(2)*x(2)*x(2)*x(2) +0.58734*x(2)*x(2)*x(2)*x(2)*x(2)
dx(2)/dt = -4.14468*x(1) +0.98546*x(2) -0.00258*x(1)*x(1) +0.00331*x(1)*x(2) +0.00245*x(2)*x(2) +1.59914*x(1)*x(1)*x(1) -1.38781*x(1)*x(1)*x(2) +1.57643*x(1)*x(2)*x(2) -1.37388*x(2)*x(2)*x(2) -0.02989*x(1)*x(1)*x(1)*x(1) +0.07433*x(1)*x(1)*x(1)*x(2) +0.19496*x(1)*x(1)*x(2)*x(2) -0.08087*x(1)*x(2)*x(2)*x(2) -0.03492*x(2)*x(2)*x(2)*x(2) -0.70387*x(1)*x(1)*x(1)*x(1)*x(1) +0.40165*x(1)*x(1)*x(1)*x(1)*x(2) -1.38503*x(1)*x(1)*x(1)*x(2)*x(2) +0.78939*x(1)*x(1)*x(2)*x(2)*x(2) -0.68116*x(1)*x(2)*x(2)*x(2)*x(2) +0.38774*x(2)*x(2)*x(2)*x(2)*x(2)
