dx(1)/dt = -1.12742·x(1) +0.15368·x(2) +0.23709·x(1)*x(1) -0.61094·x(1)*x(2) -0.00965·x(2)*x(2)
dx(2)/dt = +1.24375·x(1) -0.51766·x(2) -0.27035·x(1)*x(1) +0.63638·x(1)*x(2) +0.01280·x(2)*x(2)
