dx(1)/dt = 0.430106*x(1) - 0.422872*x(1)*x(2) - 0.0454488*x(2) - 0.0241717*x(1)*x(1) + 0.00286195*x(2)*x(2)
dx(2)/dt = 0.374143*x(1)*x(2) - 0.336812*x(2) - 0.0825472*x(1) + 0.0335469*x(1)*x(1) + 0.00192518*x(2)*x(2)
