dx(1)/dt = -0.00004·x(1) -0.00018·x(2) -0.00000·x(1)*x(1) -0.00000·x(1)*x(2) -0.00027·x(2)*x(2)
dx(2)/dt = -0.00104·x(1) -0.04316·x(2) -0.00000·x(1)*x(1) +0.00001·x(1)*x(2) -0.06529·x(2)*x(2)
