dt: 0.4
polyorder: 5
g_dim: 45
width: 160
depth: 5
dropout: 0.30000000000000004
epochs_A: 100
epochs_B: 260
lrA: 0.002
lrB_start: 0.003
lrB_end: 0.0003
decayA_last_frac: 0.3
decayA_min_ratio: 0.2
lam_phi: 3.0e-10
lam_g: 5.87232295608983e-06
lam_full: 8.402315216048083e-06
rollout_B: 16
beta_align: 0.024630291154048266
batch_size: 1024
grad_clip: 1.0
