batch_size: 1024
beta_align: 0.05076472371239088
decayA_last_frac: 0.3
decayA_min_ratio: 0.2
depth: 3
dropout: 0.1
dt: 0.3
epochs_A: 140
epochs_B: 300
g_dim: 56
grad_clip: 1.0
lam_full: 7.938302138818861e-07
lam_g: 3.035578901410257e-06
lam_phi: 3.0e-10
lrA: 0.002
lrB_end: 0.0003
lrB_start: 0.003
polyorder: 3
rollout_B: 24
width: 64
