batch_size: 1024
beta_align: 0.03784210744294033
decayA_last_frac: 0.3
decayA_min_ratio: 0.2
depth: 4
dropout: 0.4
dt: 0.5
epochs_A: 130
epochs_B: 300
g_dim: 30
grad_clip: 1.0
lam_full: 1.4508890987343015e-06
lam_g: 5.764625606197277e-07
lam_phi: 3.0e-10
lrA: 0.002
lrB_end: 0.0003
lrB_start: 0.003
polyorder: 7
rollout_B: 16
width: 128
