dx(1)/dt = +0.02019*x(1) +0.95599*x(2) -0.13913*x(1)^2 +0.05854*x(1) x(2) -0.00227*x(2)^2
dx(2)/dt = -21.73033*x(1) -0.09385*x(2) +1.00268*x(1)^2 +0.38095*x(1) x(2) +0.03660*x(2)^2
