dx(1)/dt = +0.28665·x(1) +3.80168·x(2) +0.17303·x(1)*x(1) +0.05662·x(1)*x(2) -0.10779·x(2)*x(2) +0.26011·x(1)*x(1)*x(1) -3.23785·x(1)*x(1)*x(2) +1.37864·x(1)*x(2)*x(2) -3.18691·x(2)*x(2)*x(2) -0.59293·x(1)*x(1)*x(1)*x(1) -0.26559·x(1)*x(1)*x(1)*x(2) -0.19176·x(1)*x(1)*x(2)*x(2) +0.04465·x(1)*x(2)*x(2)*x(2) +0.18479·x(2)*x(2)*x(2)*x(2) -0.27673·x(1)*x(1)*x(1)*x(1)*x(1) +2.69343·x(1)*x(1)*x(1)*x(1)*x(2) -3.57257·x(1)*x(1)*x(1)*x(2)*x(2) +6.48237·x(1)*x(1)*x(2)*x(2)*x(2) -2.26851·x(1)*x(2)*x(2)*x(2)*x(2) +2.51640·x(2)*x(2)*x(2)*x(2)*x(2)
dx(2)/dt = -3.90587·x(1) +0.29589·x(2) -0.05761·x(1)*x(1) -0.34294·x(1)*x(2) -0.03785·x(2)*x(2) +3.46101·x(1)*x(1)*x(1) +1.70435·x(1)*x(1)*x(2) +3.62784·x(1)*x(2)*x(2) +0.07639·x(2)*x(2)*x(2) +0.09099·x(1)*x(1)*x(1)*x(1) +0.97792·x(1)*x(1)*x(1)*x(2) +0.25279·x(1)*x(1)*x(2)*x(2) +0.82251·x(1)*x(2)*x(2)*x(2) +0.17107·x(2)*x(2)*x(2)*x(2) -2.79417·x(1)*x(1)*x(1)*x(1)*x(1) -2.61440·x(1)*x(1)*x(1)*x(1)*x(2) -7.12689·x(1)*x(1)*x(1)*x(2)*x(2) -4.22168·x(1)*x(1)*x(2)*x(2)*x(2) -3.11963·x(1)*x(2)*x(2)*x(2)*x(2) +0.13666·x(2)*x(2)*x(2)*x(2)*x(2)
