dx(1)/dt = +0.04569·x(1) -1.65601·x(2) -0.02231·x(1)*x(1) +0.12942·x(1)*x(2) +0.01500·x(2)*x(2) +1.97362·x(1)*x(1)*x(1) -2.42218·x(1)*x(1)*x(2) -1.00022·x(1)*x(2)*x(2) +0.92819·x(2)*x(2)*x(2) +0.30087·x(1)*x(1)*x(1)*x(1) -0.16170·x(1)*x(1)*x(1)*x(2) +0.13871·x(1)*x(1)*x(2)*x(2) -0.54342·x(1)*x(2)*x(2)*x(2) +0.00000·x(2)*x(2)*x(2)*x(2) -14.57523·x(1)*x(1)*x(1)*x(1)*x(1) -2.72714·x(1)*x(1)*x(1)*x(1)*x(2) +0.18366·x(1)*x(1)*x(1)*x(2)*x(2) +7.55519·x(1)*x(1)*x(2)*x(2)*x(2) -6.92521·x(1)*x(2)*x(2)*x(2)*x(2) -6.65982·x(2)*x(2)*x(2)*x(2)*x(2) -0.28739·x(1)*x(1)*x(1)*x(1)*x(1)*x(1) +0.04142·x(1)*x(1)*x(1)*x(1)*x(1)*x(2) -0.17169·x(1)*x(1)*x(1)*x(1)*x(2)*x(2) +0.35982·x(1)*x(1)*x(1)*x(2)*x(2)*x(2) -0.02670·x(1)*x(1)*x(2)*x(2)*x(2)*x(2) +0.39402·x(1)*x(2)*x(2)*x(2)*x(2)*x(2) -0.03165·x(2)*x(2)*x(2)*x(2)*x(2)*x(2) +9.90482·x(1)*x(1)*x(1)*x(1)*x(1)*x(1)*x(1) +4.08546·x(1)*x(1)*x(1)*x(1)*x(1)*x(1)*x(2) +2.37805·x(1)*x(1)*x(1)*x(1)*x(1)*x(2)*x(2) -3.21504·x(1)*x(1)*x(1)*x(1)*x(2)*x(2)*x(2) +2.47941·x(1)*x(1)*x(1)*x(2)*x(2)*x(2)*x(2) -2.26536·x(1)*x(1)*x(2)*x(2)*x(2)*x(2)*x(2) +4.70018·x(1)*x(2)*x(2)*x(2)*x(2)*x(2)*x(2) +4.93018·x(2)*x(2)*x(2)*x(2)*x(2)*x(2)*x(2)
dx(2)/dt = +1.66637·x(1) +0.06413·x(2) +0.06468·x(1)*x(1) -0.07053·x(1)*x(2) +0.06139·x(2)*x(2) -0.93245·x(1)*x(1)*x(1) -1.60841·x(1)*x(1)*x(2) +2.62753·x(1)*x(2)*x(2) +1.67385·x(2)*x(2)*x(2) -0.35635·x(1)*x(1)*x(1)*x(1) +0.43689·x(1)*x(1)*x(1)*x(2) -0.26287·x(1)*x(1)*x(2)*x(2) +0.31598·x(1)*x(2)*x(2)*x(2) -0.30743·x(2)*x(2)*x(2)*x(2) +6.39106·x(1)*x(1)*x(1)*x(1)*x(1) -3.79598·x(1)*x(1)*x(1)*x(1)*x(2) -7.78119·x(1)*x(1)*x(1)*x(2)*x(2) -1.63348·x(1)*x(1)*x(2)*x(2)*x(2) +2.57926·x(1)*x(2)*x(2)*x(2)*x(2) -13.31040·x(2)*x(2)*x(2)*x(2)*x(2) +0.34786·x(1)*x(1)*x(1)*x(1)*x(1)*x(1) -0.39802·x(1)*x(1)*x(1)*x(1)*x(1)*x(2) -0.02015·x(1)*x(1)*x(1)*x(1)*x(2)*x(2) -0.33934·x(1)*x(1)*x(1)*x(2)*x(2)*x(2) +0.49717·x(1)*x(1)*x(2)*x(2)*x(2)*x(2) -0.13737·x(1)*x(2)*x(2)*x(2)*x(2)*x(2) +0.23935·x(2)*x(2)*x(2)*x(2)*x(2)*x(2) -4.64264·x(1)*x(1)*x(1)*x(1)*x(1)*x(1)*x(1) +2.24725·x(1)*x(1)*x(1)*x(1)*x(1)*x(1)*x(2) +2.30051·x(1)*x(1)*x(1)*x(1)*x(1)*x(2)*x(2) +3.25426·x(1)*x(1)*x(1)*x(1)*x(2)*x(2)*x(2) +3.24671·x(1)*x(1)*x(1)*x(2)*x(2)*x(2)*x(2) +3.34563·x(1)*x(1)*x(2)*x(2)*x(2)*x(2)*x(2) -4.14585·x(1)*x(2)*x(2)*x(2)*x(2)*x(2)*x(2) +8.94258·x(2)*x(2)*x(2)*x(2)*x(2)*x(2)*x(2)
