dx(1)/dt = -2.99141*x(1)*x(2)*x(2) + 2.39037*x(2) + 2.24786*x(1)*x(1)*x(2) - 0.951787*x(1) + 0.383908*x(2)*x(2)*x(2) + 0.363984*x(1)*x(1)*x(1) - 0.298853*x(2)*x(2) + 0.204974*x(1)*x(2) + 0.0386969*x(1)*x(1) + 0.00727977*1
dx(2)/dt = -2.33981*x(1) - 1.87282*x(1)*x(2)*x(2) + 0.318012*x(1)*x(1)*x(2) + 0.218726*x(1)*x(2) - 0.184219*x(1)*x(1)*x(1) - 0.1785*x(2)*x(2) + 0.16416*x(2)*x(2)*x(2) + 0.0715465*1 - 0.0303769*x(2) + 0.0173604*x(1)*x(1)
