dx(1)/dt = -2.82125*x(1) -1.06756*x(2) +7.92609*x(3) +8.34665*x(1)*x(1) -0.65229*x(1)*x(2) -2.87198*x(1)*x(3) -2.92527*x(2)*x(2) -1.31763*x(2)*x(3) -5.87853*x(3)*x(3) -2.66495*x(1)*x(1)*x(1) +1.92562*x(1)*x(1)*x(2) -7.74255*x(1)*x(1)*x(3) -0.39320*x(1)*x(2)*x(2) +1.59579*x(1)*x(2)*x(3) -2.34182*x(1)*x(3)*x(3) -1.43468*x(2)*x(2)*x(2) -12.31560*x(2)*x(2)*x(3) -0.88716*x(2)*x(3)*x(3) +6.51780*x(3)*x(3)*x(3)
dx(2)/dt = -0.70544*x(1) +49.65813*x(2) +8.68539*x(3) +6.13037*x(1)*x(1) -5.96091*x(1)*x(2) +30.90964*x(1)*x(3) +7.02556*x(2)*x(2) +4.18993*x(2)*x(3) -23.38395*x(3)*x(3) -21.29201*x(1)*x(1)*x(1) -37.19396*x(1)*x(1)*x(2) -4.18238*x(1)*x(1)*x(3) +1.02294*x(1)*x(2)*x(2) -36.43128*x(1)*x(2)*x(3) -0.44637*x(1)*x(3)*x(3) -65.28888*x(2)*x(2)*x(2) +34.80207*x(2)*x(2)*x(3) +41.01553*x(2)*x(3)*x(3) +7.06763*x(3)*x(3)*x(3)
dx(3)/dt = +0.00000*x(1) -0.00000*x(2) -0.00000*x(3) +0.00000*x(1)*x(1) +0.00000*x(1)*x(2) +0.00000*x(1)*x(3) +0.00000*x(2)*x(2) +0.00000*x(2)*x(3) -0.00000*x(3)*x(3) -0.00000*x(1)*x(1)*x(1) +0.00000*x(1)*x(1)*x(2) -0.00000*x(1)*x(1)*x(3) -0.00000*x(1)*x(2)*x(2) -0.00000*x(1)*x(2)*x(3) +0.00000*x(1)*x(3)*x(3) -0.00000*x(2)*x(2)*x(2) -0.00000*x(2)*x(2)*x(3) -0.00000*x(2)*x(3)*x(3) -0.00000*x(3)*x(3)*x(3)
