dx(1)/dt = +0.01760·x(1) +1.04180·x(2) -0.00021·x(1)*x(1) -0.00144·x(1)*x(2) -0.00043·x(2)*x(2) -0.00390·x(1)*x(1)*x(1) -0.01302·x(1)*x(1)*x(2) -0.00312·x(1)*x(2)*x(2) -0.00642·x(2)*x(2)*x(2) +0.00000·x(1)*x(1)*x(1)*x(1) +0.00008·x(1)*x(1)*x(1)*x(2) +0.00019·x(1)*x(1)*x(2)*x(2) +0.00012·x(1)*x(2)*x(2)*x(2) -0.00001·x(2)*x(2)*x(2)*x(2) +0.00010·x(1)*x(1)*x(1)*x(1)*x(1) -0.00051·x(1)*x(1)*x(1)*x(1)*x(2) +0.00004·x(1)*x(1)*x(1)*x(2)*x(2) -0.00043·x(1)*x(1)*x(2)*x(2)*x(2) +0.00004·x(1)*x(2)*x(2)*x(2)*x(2) +0.00017·x(2)*x(2)*x(2)*x(2)*x(2)
dx(2)/dt = -1.14805·x(1) +0.82035·x(2) +0.00287·x(1)*x(1) +0.00544·x(1)*x(2) -0.00400·x(2)*x(2) +0.04727·x(1)*x(1)*x(1) -1.00918·x(1)*x(1)*x(2) +0.00438·x(1)*x(2)*x(2) +0.02751·x(2)*x(2)*x(2) -0.00002·x(1)*x(1)*x(1)*x(1) -0.00009·x(1)*x(1)*x(1)*x(2) -0.00095·x(1)*x(1)*x(2)*x(2) -0.00059·x(1)*x(2)*x(2)*x(2) +0.00034·x(2)*x(2)*x(2)*x(2) -0.00074·x(1)*x(1)*x(1)*x(1)*x(1) +0.02688·x(1)*x(1)*x(1)*x(1)*x(2) +0.00170·x(1)*x(1)*x(1)*x(2)*x(2) +0.00288·x(1)*x(1)*x(2)*x(2)*x(2) -0.00215·x(1)*x(2)*x(2)*x(2)*x(2) -0.00086·x(2)*x(2)*x(2)*x(2)*x(2)
