dx(1)/dt = -0.00208*1 -0.50866*x(1) -0.35743*x(2) -2.59939*x(1)*x(1) +78.27583*x(1)*x(2) +129.82997*x(2)*x(2) -484.16626*x(1)*x(1)*x(1) +4501.17166*x(1)*x(1)*x(2) -14556.54218*x(1)*x(2)*x(2) +3201.55033*x(2)*x(2)*x(2)
dx(2)/dt = +0.07017*1 -1.41732*x(1) -4.72299*x(2) -84.44983*x(1)*x(1) +530.03074*x(1)*x(2) +57.45472*x(2)*x(2) +2011.41650*x(1)*x(1)*x(1) -21357.63440*x(1)*x(1)*x(2) -9531.62646*x(1)*x(2)*x(2) +7284.39533*x(2)*x(2)*x(2)
