dx(1)/dt = +0.00000·x(1) -2.98903·x(2) -0.00180·x(1)*x(1) -0.00000·x(1)*x(2) +0.00180·x(2)*x(2) -1.32919·x(1)*x(1)*x(1) -0.00000·x(1)*x(1)*x(2) -1.33125·x(1)*x(2)*x(2) +0.00000·x(2)*x(2)*x(2) +0.00000·x(1)*x(1)*x(1)*x(1) -0.00000·x(1)*x(1)*x(1)*x(2) +0.00000·x(1)*x(1)*x(2)*x(2) +0.00000·x(1)*x(2)*x(2)*x(2) +0.00000·x(2)*x(2)*x(2)*x(2) +0.00000·x(1)*x(1)*x(1)*x(1)*x(1) -0.00000·x(1)*x(1)*x(1)*x(1)*x(2) -0.00000·x(1)*x(1)*x(1)*x(2)*x(2) -0.00000·x(1)*x(1)*x(2)*x(2)*x(2) -0.00000·x(1)*x(2)*x(2)*x(2)*x(2) -0.00000·x(2)*x(2)*x(2)*x(2)*x(2) +0.00000·x(1)*x(1)*x(1)*x(1)*x(1)*x(1) -0.00000·x(1)*x(1)*x(1)*x(1)*x(1)*x(2) +0.00000·x(1)*x(1)*x(1)*x(1)*x(2)*x(2) +0.00000·x(1)*x(1)*x(1)*x(2)*x(2)*x(2) +0.00000·x(1)*x(1)*x(2)*x(2)*x(2)*x(2) +0.00000·x(1)*x(2)*x(2)*x(2)*x(2)*x(2) +0.00000·x(2)*x(2)*x(2)*x(2)*x(2)*x(2) +0.00000·x(1)*x(1)*x(1)*x(1)*x(1)*x(1)*x(1) +0.00000·x(1)*x(1)*x(1)*x(1)*x(1)*x(1)*x(2) +0.00000·x(1)*x(1)*x(1)*x(1)*x(1)*x(2)*x(2) -0.00000·x(1)*x(1)*x(1)*x(1)*x(2)*x(2)*x(2) -0.00000·x(1)*x(1)*x(1)*x(2)*x(2)*x(2)*x(2) +0.00000·x(1)*x(1)*x(2)*x(2)*x(2)*x(2)*x(2) -0.00000·x(1)*x(2)*x(2)*x(2)*x(2)*x(2)*x(2) -0.00000·x(2)*x(2)*x(2)*x(2)*x(2)*x(2)*x(2)
dx(2)/dt = +2.98901·x(1) +0.00000·x(2) -0.00199·x(1)*x(1) -0.00000·x(1)*x(2) +0.00199·x(2)*x(2) -0.00000·x(1)*x(1)*x(1) -1.32581·x(1)*x(1)*x(2) +0.00000·x(1)*x(2)*x(2) -1.32416·x(2)*x(2)*x(2) +0.00000·x(1)*x(1)*x(1)*x(1) +0.00000·x(1)*x(1)*x(1)*x(2) +0.00000·x(1)*x(1)*x(2)*x(2) -0.00000·x(1)*x(2)*x(2)*x(2) +0.00000·x(2)*x(2)*x(2)*x(2) +0.00000·x(1)*x(1)*x(1)*x(1)*x(1) -0.00000·x(1)*x(1)*x(1)*x(1)*x(2) +0.00000·x(1)*x(1)*x(1)*x(2)*x(2) -0.00000·x(1)*x(1)*x(2)*x(2)*x(2) +0.00000·x(1)*x(2)*x(2)*x(2)*x(2) +0.00000·x(2)*x(2)*x(2)*x(2)*x(2) +0.00000·x(1)*x(1)*x(1)*x(1)*x(1)*x(1) +0.00000·x(1)*x(1)*x(1)*x(1)*x(1)*x(2) +0.00000·x(1)*x(1)*x(1)*x(1)*x(2)*x(2) -0.00000·x(1)*x(1)*x(1)*x(2)*x(2)*x(2) +0.00000·x(1)*x(1)*x(2)*x(2)*x(2)*x(2) -0.00000·x(1)*x(2)*x(2)*x(2)*x(2)*x(2) +0.00000·x(2)*x(2)*x(2)*x(2)*x(2)*x(2) +0.00000·x(1)*x(1)*x(1)*x(1)*x(1)*x(1)*x(1) -0.00000·x(1)*x(1)*x(1)*x(1)*x(1)*x(1)*x(2) -0.00000·x(1)*x(1)*x(1)*x(1)*x(1)*x(2)*x(2) -0.00000·x(1)*x(1)*x(1)*x(1)*x(2)*x(2)*x(2) +0.00000·x(1)*x(1)*x(1)*x(2)*x(2)*x(2)*x(2) +0.00000·x(1)*x(1)*x(2)*x(2)*x(2)*x(2)*x(2) -0.00000·x(1)*x(2)*x(2)*x(2)*x(2)*x(2)*x(2) +0.00000·x(2)*x(2)*x(2)*x(2)*x(2)*x(2)*x(2)
