dx(1)/dt = +1.00087·x(1) +3.00133·x(2) +0.00043·x(1)*x(1) -0.00000·x(1)*x(2) -0.00043·x(2)*x(2) -1.00286·x(1)*x(1)*x(1) -0.00000·x(1)*x(1)*x(2) -0.99953·x(1)*x(2)*x(2) -0.00000·x(2)*x(2)*x(2) -0.00041·x(1)*x(1)*x(1)*x(1) +0.00000·x(1)*x(1)*x(1)*x(2) +0.00000·x(1)*x(1)*x(2)*x(2) -0.00000·x(1)*x(2)*x(2)*x(2) +0.00041·x(2)*x(2)*x(2)*x(2) +0.00218·x(1)*x(1)*x(1)*x(1)*x(1) -0.00528·x(1)*x(1)*x(1)*x(1)*x(2) +0.00033·x(1)*x(1)*x(1)*x(2)*x(2) -0.00317·x(1)*x(1)*x(2)*x(2)*x(2) -0.00185·x(1)*x(2)*x(2)*x(2)*x(2) +0.00211·x(2)*x(2)*x(2)*x(2)*x(2)
dx(2)/dt = -3.00116·x(1) +1.00049·x(2) +0.00112·x(1)*x(1) -0.00000·x(1)*x(2) -0.00112·x(2)*x(2) +0.00000·x(1)*x(1)*x(1) -0.99941·x(1)*x(1)*x(2) +0.00000·x(1)*x(2)*x(2) -1.00184·x(2)*x(2)*x(2) -0.00110·x(1)*x(1)*x(1)*x(1) -0.00000·x(1)*x(1)*x(1)*x(2) +0.00000·x(1)*x(1)*x(2)*x(2) +0.00000·x(1)*x(2)*x(2)*x(2) +0.00110·x(2)*x(2)*x(2)*x(2) -0.00221·x(1)*x(1)*x(1)*x(1)*x(1) -0.00122·x(1)*x(1)*x(1)*x(1)*x(2) +0.00340·x(1)*x(1)*x(1)*x(2)*x(2) +0.00000·x(1)*x(1)*x(2)*x(2)*x(2) +0.00562·x(1)*x(2)*x(2)*x(2)*x(2) +0.00140·x(2)*x(2)*x(2)*x(2)*x(2)
