dx(1)/dt = -4.86260*x(1) + 0.01722*x(2) + 0.54781*x(1)*x(1) + 0.33249*x(1)*x(2) - 0.00097*x(2)*x(2)
dx(2)/dt = 5.96585*x(1) - 0.34066*x(2) - 0.68897*x(1)*x(1) - 0.47921*x(1)*x(2) + 0.00185*x(2)*x(2)
