dx(1)/dt = +0.12059·x(1) +1.00968·x(2) +0.70843·x(3) -0.26970·x(4) -0.06656·x(1)*x(1) +0.06209·x(1)*x(2) -1.01941·x(1)*x(3) +0.16407·x(1)*x(4) -0.00110·x(2)*x(2) -1.85367·x(2)*x(3) -0.08550·x(2)*x(4) +24.47596·x(3)*x(3) +17.61000·x(3)*x(4) +12.11819·x(4)*x(4) +0.07095·x(1)*x(1)*x(1) +0.38560·x(1)*x(1)*x(2) -16.68964·x(1)*x(1)*x(3) -7.54079·x(1)*x(1)*x(4) -0.15925·x(1)*x(2)*x(2) -2.74130·x(1)*x(2)*x(3) -13.14149·x(1)*x(2)*x(4) +3.90144·x(1)*x(3)*x(3) -3.35443·x(1)*x(3)*x(4) +1.41770·x(1)*x(4)*x(4) -0.02027·x(2)*x(2)*x(2) -0.68074·x(2)*x(2)*x(3) +0.27432·x(2)*x(2)*x(4) +20.35160·x(2)*x(3)*x(3) -2.84831·x(2)*x(3)*x(4) +0.00697·x(2)*x(4)*x(4) -24.83515·x(3)*x(3)*x(3) -28.14485·x(3)*x(3)*x(4) -46.27144·x(3)*x(4)*x(4) +0.21889·x(4)*x(4)*x(4)
dx(2)/dt = -0.35830·x(1) +0.02364·x(2) -3.67789·x(3) +9.91017·x(4) +3.67143·x(1)*x(1) -4.73731·x(1)*x(2) -54.38604·x(1)*x(3) -12.72340·x(1)*x(4) -0.20692·x(2)*x(2) +48.65249·x(2)*x(3) +7.15018·x(2)*x(4) -1630.74380·x(3)*x(3) -271.78008·x(3)*x(4) -161.13791·x(4)*x(4) +8.53181·x(1)*x(1)*x(1) -6.67112·x(1)*x(1)*x(2) +679.15388·x(1)*x(1)*x(3) +26.00658·x(1)*x(1)*x(4) -3.53498·x(1)*x(2)*x(2) +219.80189·x(1)*x(2)*x(3) +179.79188·x(1)*x(2)*x(4) +260.81799·x(1)*x(3)*x(3) +146.45906·x(1)*x(3)*x(4) +254.40556·x(1)*x(4)*x(4) +0.04019·x(2)*x(2)*x(2) -1.30768·x(2)*x(2)*x(3) -6.73107·x(2)*x(2)*x(4) -527.05096·x(2)*x(3)*x(3) -487.58804·x(2)*x(3)*x(4) -5.78738·x(2)*x(4)*x(4) +5064.72111·x(3)*x(3)*x(3) +482.59244·x(3)*x(3)*x(4) +1066.84495·x(3)*x(4)*x(4) -28.99067·x(4)*x(4)*x(4)
dx(3)/dt = +0.03265·x(1) +0.00930·x(2) +3.31280·x(3) +1.79146·x(4) -0.76916·x(1)*x(1) -0.40545·x(1)*x(2) +1.26169·x(1)*x(3) -1.31401·x(1)*x(4) -0.02327·x(2)*x(2) -1.62463·x(2)*x(3) -0.08736·x(2)*x(4) +3.14626·x(3)*x(3) -12.50871·x(3)*x(4) +3.97550·x(4)*x(4) -0.02003·x(1)*x(1)*x(1) +1.08432·x(1)*x(1)*x(2) -10.14789·x(1)*x(1)*x(3) -0.95225·x(1)*x(1)*x(4) -0.00397·x(1)*x(2)*x(2) +8.20653·x(1)*x(2)*x(3) -3.56071·x(1)*x(2)*x(4) -13.27096·x(1)*x(3)*x(3) +5.40981·x(1)*x(3)*x(4) +17.03647·x(1)*x(4)*x(4) -0.01066·x(2)*x(2)*x(2) -4.30674·x(2)*x(2)*x(3) -0.85223·x(2)*x(2)*x(4) +14.87491·x(2)*x(3)*x(3) -44.36010·x(2)*x(3)*x(4) +2.88555·x(2)*x(4)*x(4) +9.24715·x(3)*x(3)*x(3) +46.11294·x(3)*x(3)*x(4) -8.99279·x(3)*x(4)*x(4) -0.25056·x(4)*x(4)*x(4)
dx(4)/dt = +0.58523·x(1) +0.06447·x(2) +17.75256·x(3) +13.68524·x(4) -2.68602·x(1)*x(1) -6.65400·x(1)*x(2) -71.38948·x(1)*x(3) +6.19704·x(1)*x(4) +0.38640·x(2)*x(2) +16.94524·x(2)*x(3) -1.57702·x(2)*x(4) -1176.48567·x(3)*x(3) -148.15231·x(3)*x(4) +42.41209·x(4)*x(4) +11.85393·x(1)*x(1)*x(1) -8.17806·x(1)*x(1)*x(2) +428.53320·x(1)*x(1)*x(3) -1.11423·x(1)*x(1)*x(4) -0.28636·x(1)*x(2)*x(2) +39.94256·x(1)*x(2)*x(3) -30.14175·x(1)*x(2)*x(4) +440.89189·x(1)*x(3)*x(3) +336.56126·x(1)*x(3)*x(4) +71.44260·x(1)*x(4)*x(4) -0.05671·x(2)*x(2)*x(2) -35.76613·x(2)*x(2)*x(3) -12.85533·x(2)*x(2)*x(4) -969.08441·x(2)*x(3)*x(3) +18.34258·x(2)*x(3)*x(4) -27.07882·x(2)*x(4)*x(4) +3749.55255·x(3)*x(3)*x(3) +568.01709·x(3)*x(3)*x(4) +223.22074·x(3)*x(4)*x(4) +16.56880·x(4)*x(4)*x(4)
