dx(1)/dt = +0.01808·x(1) +1.01572·x(2) +0.00116·x(1)*x(1) +0.00157·x(1)*x(2) -0.00053·x(2)*x(2) +0.01520·x(1)*x(1)*x(1) +0.05489·x(1)*x(1)*x(2) -0.03313·x(1)*x(2)*x(2) -0.02176·x(2)*x(2)*x(2) -0.00057·x(1)*x(1)*x(1)*x(1) -0.00200·x(1)*x(1)*x(1)*x(2) -0.00082·x(1)*x(1)*x(2)*x(2) +0.00133·x(1)*x(2)*x(2)*x(2) +0.00095·x(2)*x(2)*x(2)*x(2) -0.00315·x(1)*x(1)*x(1)*x(1)*x(1) -0.00729·x(1)*x(1)*x(1)*x(1)*x(2) +0.00420·x(1)*x(1)*x(1)*x(2)*x(2) -0.01304·x(1)*x(1)*x(2)*x(2)*x(2) +0.00218·x(1)*x(2)*x(2)*x(2)*x(2) +0.00380·x(2)*x(2)*x(2)*x(2)*x(2)
dx(2)/dt = -1.45221·x(1) +1.25549·x(2) +0.00799·x(1)*x(1) +0.03731·x(1)*x(2) -0.01187·x(2)*x(2) +0.13378·x(1)*x(1)*x(1) -1.20119·x(1)*x(1)*x(2) +0.30015·x(1)*x(2)*x(2) -0.13142·x(2)*x(2)*x(2) -0.00275·x(1)*x(1)*x(1)*x(1) -0.01600·x(1)*x(1)*x(1)*x(2) +0.00647·x(1)*x(1)*x(2)*x(2) -0.01113·x(1)*x(2)*x(2)*x(2) +0.00722·x(2)*x(2)*x(2)*x(2) -0.01553·x(1)*x(1)*x(1)*x(1)*x(1) +0.01910·x(1)*x(1)*x(1)*x(1)*x(2) +0.00722·x(1)*x(1)*x(1)*x(2)*x(2) +0.08234·x(1)*x(1)*x(2)*x(2)*x(2) -0.05182·x(1)*x(2)*x(2)*x(2)*x(2) +0.01164·x(2)*x(2)*x(2)*x(2)*x(2)
