dx(1)/dt = +0.00000·x(1) +5.34389·x(2) +0.00447·x(1)*x(1) +0.01808·x(1)*x(2) -0.02310·x(2)*x(2) -0.80105·x(1)*x(1)*x(1) -2.31800·x(1)*x(1)*x(2) -0.94207·x(1)*x(2)*x(2) -2.62529·x(2)*x(2)*x(2) -0.00443·x(1)*x(1)*x(1)*x(1) -0.01872·x(1)*x(1)*x(1)*x(2) +0.01837·x(1)*x(1)*x(2)*x(2) -0.01741·x(1)*x(2)*x(2)*x(2) +0.02315·x(2)*x(2)*x(2)*x(2) +0.43019·x(1)*x(1)*x(1)*x(1)*x(1) +0.97894·x(1)*x(1)*x(1)*x(1)*x(2) +0.98794·x(1)*x(1)*x(1)*x(2)*x(2) +2.26768·x(1)*x(1)*x(2)*x(2)*x(2) +0.55784·x(1)*x(2)*x(2)*x(2)*x(2) +1.28914·x(2)*x(2)*x(2)*x(2)*x(2)
dx(2)/dt = -6.44191·x(1) +1.25515·x(2) -0.00058·x(1)*x(1) -0.00000·x(1)*x(2) +0.00586·x(2)*x(2) +4.09922·x(1)*x(1)*x(1) -2.35837·x(1)*x(1)*x(2) +4.08491·x(1)*x(2)*x(2) -2.20320·x(2)*x(2)*x(2) +0.00053·x(1)*x(1)*x(1)*x(1) -0.00000·x(1)*x(1)*x(1)*x(2) -0.00497·x(1)*x(1)*x(2)*x(2) -0.00000·x(1)*x(2)*x(2)*x(2) -0.00591·x(2)*x(2)*x(2)*x(2) -1.69768·x(1)*x(1)*x(1)*x(1)*x(1) +1.10286·x(1)*x(1)*x(1)*x(1)*x(2) -3.38005·x(1)*x(1)*x(1)*x(2)*x(2) +2.05104·x(1)*x(1)*x(2)*x(2)*x(2) -1.68237·x(1)*x(2)*x(2)*x(2)*x(2) +0.94805·x(2)*x(2)*x(2)*x(2)*x(2)
