batch_size: 1024
beta_align: 0.00024969789514297787
decayA_last_frac: 0.3
decayA_min_ratio: 0.2
depth: 5
dropout: 0.14999999999999997
dt: 0.2
epochs_A: 180
epochs_B: 260
g_dim: 30
grad_clip: 1.0
lam_full: 2.519863257148062e-06
lam_g: 7.133490135583243e-07
lam_phi: 3.0e-10
lrA: 0.002
lrB_end: 0.0003
lrB_start: 0.003
polyorder: 7
rollout_B: 16
width: 128
