dx(1)/dt = +0.92665·x(1) +3.02287·x(2) +0.01200·x(1)*x(1) +0.02049·x(1)*x(2) -0.01030·x(2)*x(2) -0.85822·x(1)*x(1)*x(1) -0.38360·x(1)*x(1)*x(2) -0.76924·x(1)*x(2)*x(2) -0.13183·x(2)*x(2)*x(2) -0.04933·x(1)*x(1)*x(1)*x(1) -0.08667·x(1)*x(1)*x(1)*x(2) -0.02421·x(1)*x(1)*x(2)*x(2) -0.05069·x(1)*x(2)*x(2)*x(2) +0.04160·x(2)*x(2)*x(2)*x(2) -0.06063·x(1)*x(1)*x(1)*x(1)*x(1) +0.52890·x(1)*x(1)*x(1)*x(1)*x(2) -0.41883·x(1)*x(1)*x(1)*x(2)*x(2) +0.63009·x(1)*x(1)*x(2)*x(2)*x(2) -0.17735·x(1)*x(2)*x(2)*x(2)*x(2) +0.02808·x(2)*x(2)*x(2)*x(2)*x(2)
dx(2)/dt = -3.02443·x(1) +0.92476·x(2) +0.03759·x(1)*x(1) -0.01273·x(1)*x(2) -0.00175·x(2)*x(2) +0.14401·x(1)*x(1)*x(1) -0.76854·x(1)*x(1)*x(2) +0.37053·x(1)*x(2)*x(2) -0.84973·x(2)*x(2)*x(2) -0.18437·x(1)*x(1)*x(1)*x(1) -0.01486·x(1)*x(1)*x(1)*x(2) +0.00494·x(1)*x(1)*x(2)*x(2) +0.04027·x(1)*x(2)*x(2)*x(2) -0.02043·x(2)*x(2)*x(2)*x(2) -0.05452·x(1)*x(1)*x(1)*x(1)*x(1) -0.17038·x(1)*x(1)*x(1)*x(1)*x(2) -0.58551·x(1)*x(1)*x(1)*x(2)*x(2) -0.43492·x(1)*x(1)*x(2)*x(2)*x(2) -0.52111·x(1)*x(2)*x(2)*x(2)*x(2) -0.07020·x(2)*x(2)*x(2)*x(2)*x(2)
