batch_size: 1024
beta_align: 0.08542118635324313
decayA_last_frac: 0.3
decayA_min_ratio: 0.2
depth: 3
dropout: 0.35000000000000003
dt: 0.3
epochs_A: 130
epochs_B: 120
g_dim: 56
grad_clip: 1.0
lam_full: 7.135101145548966e-06
lam_g: 1.5293876013750045e-05
lam_phi: 3.0e-10
lrA: 0.002
lrB_end: 0.0003
lrB_start: 0.003
polyorder: 3
rollout_B: 24
width: 96
