dx(1)/dt = +79470.88254*x(1) +54573.96601*x(2) +16302.55310*x(3) -1473.54749*x(1)*x(1) +2047.70396*x(1)*x(2) +3269.96970*x(1)*x(3) +317.11687*x(2)*x(2) -1659.67030*x(2)*x(3) -1276.96714*x(3)*x(3) -4576.22863*x(1)*x(1)*x(1) +4433.95008*x(1)*x(1)*x(2) +13056.19429*x(1)*x(1)*x(3) +1727.76261*x(1)*x(2)*x(2) -8452.67708*x(1)*x(2)*x(3) -108584.80233*x(1)*x(3)*x(3) +36.49512*x(2)*x(2)*x(2) -1548.53876*x(2)*x(2)*x(3) -61881.43619*x(2)*x(3)*x(3) -15907.78039*x(3)*x(3)*x(3)
dx(2)/dt = +34356.67879*x(1) +130575.80158*x(2) +10381.14227*x(3) -2187.94188*x(1)*x(1) +2818.63348*x(1)*x(2) +4339.89102*x(1)*x(3) +387.36733*x(2)*x(2) -1992.70478*x(2)*x(3) -1891.12814*x(3)*x(3) -6665.52332*x(1)*x(1)*x(1) +5863.19356*x(1)*x(1)*x(2) +18825.54447*x(1)*x(1)*x(3) +1819.35021*x(1)*x(2)*x(2) -11333.65181*x(1)*x(2)*x(3) -59154.55164*x(1)*x(3)*x(3) -113.49207*x(2)*x(2)*x(2) -1597.08533*x(2)*x(2)*x(3) -152353.46174*x(2)*x(3)*x(3) -7204.63374*x(3)*x(3)*x(3)
dx(3)/dt = +0.00000*x(1) +0.00000*x(2) +0.00000*x(3) -0.00000*x(1)*x(1) -0.00000*x(1)*x(2) -0.00000*x(1)*x(3) -0.00000*x(2)*x(2) -0.00000*x(2)*x(3) -0.00000*x(3)*x(3) +0.00000*x(1)*x(1)*x(1) +0.00000*x(1)*x(1)*x(2) +0.00000*x(1)*x(1)*x(3) +0.00000*x(1)*x(2)*x(2) +0.00000*x(1)*x(2)*x(3) +0.00000*x(1)*x(3)*x(3) +0.00000*x(2)*x(2)*x(2) +0.00000*x(2)*x(2)*x(3) +0.00000*x(2)*x(3)*x(3) +0.00000*x(3)*x(3)*x(3)
