dx(1)/dt = -0.01923·x(1) -2.02859·x(2) -0.04347·x(1)*x(1) +0.07238·x(1)*x(2) +0.03623·x(2)*x(2) +1.92630·x(1)*x(1)*x(1) -0.78355·x(1)*x(1)*x(2) -0.09435·x(1)*x(2)*x(2) +0.36134·x(2)*x(2)*x(2) +0.41365·x(1)*x(1)*x(1)*x(1) -0.16030·x(1)*x(1)*x(1)*x(2) -0.14870·x(1)*x(1)*x(2)*x(2) -0.32516·x(1)*x(2)*x(2)*x(2) -0.10352·x(2)*x(2)*x(2)*x(2) -12.43744·x(1)*x(1)*x(1)*x(1)*x(1) +0.24430·x(1)*x(1)*x(1)*x(1)*x(2) +0.79265·x(1)*x(1)*x(1)*x(2)*x(2) +0.67446·x(1)*x(1)*x(2)*x(2)*x(2) -7.93149·x(1)*x(2)*x(2)*x(2)*x(2) -5.35745·x(2)*x(2)*x(2)*x(2)*x(2) -0.39477·x(1)*x(1)*x(1)*x(1)*x(1)*x(1) +0.05072·x(1)*x(1)*x(1)*x(1)*x(1)*x(2) +0.02046·x(1)*x(1)*x(1)*x(1)*x(2)*x(2) +0.26891·x(1)*x(1)*x(1)*x(2)*x(2)*x(2) +0.18403·x(1)*x(1)*x(2)*x(2)*x(2)*x(2) +0.26234·x(1)*x(2)*x(2)*x(2)*x(2)*x(2) +0.08125·x(2)*x(2)*x(2)*x(2)*x(2)*x(2) +8.19671·x(1)*x(1)*x(1)*x(1)*x(1)*x(1)*x(1) -0.34688·x(1)*x(1)*x(1)*x(1)*x(1)*x(1)*x(2) +1.11777·x(1)*x(1)*x(1)*x(1)*x(1)*x(2)*x(2) +1.32768·x(1)*x(1)*x(1)*x(1)*x(2)*x(2)*x(2) +2.26115·x(1)*x(1)*x(1)*x(2)*x(2)*x(2)*x(2) -0.14373·x(1)*x(1)*x(2)*x(2)*x(2)*x(2)*x(2) +5.04801·x(1)*x(2)*x(2)*x(2)*x(2)*x(2)*x(2) +4.45374·x(2)*x(2)*x(2)*x(2)*x(2)*x(2)*x(2)
dx(2)/dt = +2.04009·x(1) -0.01381·x(2) +0.02934·x(1)*x(1) -0.07648·x(1)*x(2) +0.06603·x(2)*x(2) -0.48659·x(1)*x(1)*x(1) -0.40023·x(1)*x(1)*x(2) +0.90011·x(1)*x(2)*x(2) +1.75393·x(2)*x(2)*x(2) -0.23789·x(1)*x(1)*x(1)*x(1) +0.47428·x(1)*x(1)*x(1)*x(2) -0.23270·x(1)*x(1)*x(2)*x(2) +0.23508·x(1)*x(2)*x(2)*x(2) -0.33554·x(2)*x(2)*x(2)*x(2) +5.76683·x(1)*x(1)*x(1)*x(1)*x(1) -6.16529·x(1)*x(1)*x(1)*x(1)*x(2) -1.15508·x(1)*x(1)*x(1)*x(2)*x(2) -0.58512·x(1)*x(1)*x(2)*x(2)*x(2) -0.30169·x(1)*x(2)*x(2)*x(2)*x(2) -11.42028·x(2)*x(2)*x(2)*x(2)*x(2) +0.21414·x(1)*x(1)*x(1)*x(1)*x(1)*x(1) -0.34139·x(1)*x(1)*x(1)*x(1)*x(1)*x(2) +0.12419·x(1)*x(1)*x(1)*x(1)*x(2)*x(2) -0.33827·x(1)*x(1)*x(1)*x(2)*x(2)*x(2) +0.35812·x(1)*x(1)*x(2)*x(2)*x(2)*x(2) -0.11770·x(1)*x(2)*x(2)*x(2)*x(2)*x(2) +0.26964·x(2)*x(2)*x(2)*x(2)*x(2)*x(2) -4.76188·x(1)*x(1)*x(1)*x(1)*x(1)*x(1)*x(1) +3.58055·x(1)*x(1)*x(1)*x(1)*x(1)*x(1)*x(2) +0.52165·x(1)*x(1)*x(1)*x(1)*x(1)*x(2)*x(2) +2.99356·x(1)*x(1)*x(1)*x(1)*x(2)*x(2)*x(2) -1.47310·x(1)*x(1)*x(1)*x(2)*x(2)*x(2)*x(2) +1.77666·x(1)*x(1)*x(2)*x(2)*x(2)*x(2)*x(2) +0.45608·x(1)*x(2)*x(2)*x(2)*x(2)*x(2)*x(2) +7.36523·x(2)*x(2)*x(2)*x(2)*x(2)*x(2)*x(2)
