dx(1)/dt = 1.00009*x(2) - 0.000964125*x(1) - 0.0000465227*x(1)*x(1)*x(2) - 0.0000348025*x(1)*x(2) - 0.0000153523*x(1)*x(2)*x(2) + 0.0000125008*x(1)*x(1)*x(2)*x(2) - 0.00000839491*x(1)*x(1) - 0.00000682881*x(1)*x(1)*x(1) + 0.00000579052*x(1)*x(1)*x(1)*x(2) - 0.00000565396*x(1)*x(1)*x(2)*x(2)*x(2) + 0.00000564851*x(1)*x(1)*x(1)*x(1)*x(2) - 0.0000047985*x(2)*x(2)
dx(2)/dt = 0.999779*x(2) - 0.999441*x(1) - 0.999334*x(1)*x(1)*x(2) + 0.00213155*x(1)*x(2)*x(2) + 0.00131901*x(1)*x(2) - 0.0010634*x(1)*x(1)*x(2)*x(2) - 0.000977239*x(2)*x(2)*x(2) + 0.000573747*x(1)*x(1) - 0.00035934*x(1)*x(1)*x(1)*x(2) + 0.000350603*x(1)*x(1)*x(2)*x(2)*x(2) - 0.000320579*x(1)*x(1)*x(1) + 0.000291097*x(1)*x(2)*x(2)*x(2)
