dx(1)/dt = 1.00009*x(2) - 0.000964125*x(1) - 4.65227e-05*x(1)*x(1)*x(2) - 3.48025e-05*x(1)*x(2) - 1.53523e-05*x(1)*x(2)*x(2) + 1.25008e-05*x(1)*x(1)*x(2)*x(2) - 8.39491e-06*x(1)*x(1) - 6.82881e-06*x(1)*x(1)*x(1) + 5.79052e-06*x(1)*x(1)*x(1)*x(2) - 5.65396e-06*x(1)*x(1)*x(2)*x(2)*x(2) + 5.64851e-06*x(1)*x(1)*x(1)*x(1)*x(2) - 4.7985e-06*x(2)*x(2)
dx(2)/dt = 0.999779*x(2) - 0.999441*x(1) - 0.999334*x(1)*x(1)*x(2) + 0.00213155*x(1)*x(2)*x(2) + 0.00131901*x(1)*x(2) - 0.0010634*x(1)*x(1)*x(2)*x(2) - 0.000977239*x(2)*x(2)*x(2) + 0.000573747*x(1)*x(1) - 0.00035934*x(1)*x(1)*x(1)*x(2) + 0.000350603*x(1)*x(1)*x(2)*x(2)*x(2) - 0.000320579*x(1)*x(1)*x(1) + 0.000291097*x(1)*x(2)*x(2)*x(2)
