dx(1)/dt = +0.00000*x(1) -0.00000*x(2) -0.00000*x(1)*x(1) -0.00000*x(1)*x(2) -0.00000*x(2)*x(2) -30.60328*x(1)*x(1)*x(1) +23.35717*x(1)*x(1)*x(2) -29.59376*x(1)*x(2)*x(2) +22.22148*x(2)*x(2)*x(2) -0.00000*x(1)*x(1)*x(1)*x(1) +0.00000*x(1)*x(1)*x(1)*x(2) -0.00000*x(1)*x(1)*x(2)*x(2) +0.00000*x(1)*x(2)*x(2)*x(2) -0.00000*x(2)*x(2)*x(2)*x(2) +126.50468*x(1)*x(1)*x(1)*x(1)*x(1) -177.84996*x(1)*x(1)*x(1)*x(1)*x(2) +258.34598*x(1)*x(1)*x(1)*x(2)*x(2) -357.26939*x(1)*x(1)*x(2)*x(2)*x(2) +129.20453*x(1)*x(2)*x(2)*x(2)*x(2) -179.66286*x(2)*x(2)*x(2)*x(2)*x(2) -0.00000*x(1)*x(1)*x(1)*x(1)*x(1)*x(1) +0.00000*x(1)*x(1)*x(1)*x(1)*x(1)*x(2) -0.00000*x(1)*x(1)*x(1)*x(1)*x(2)*x(2) +0.00000*x(1)*x(1)*x(1)*x(2)*x(2)*x(2) -0.00000*x(1)*x(1)*x(2)*x(2)*x(2)*x(2) +0.00000*x(1)*x(2)*x(2)*x(2)*x(2)*x(2) -0.00000*x(2)*x(2)*x(2)*x(2)*x(2)*x(2) -92.34625*x(1)*x(1)*x(1)*x(1)*x(1)*x(1)*x(1) +340.72327*x(1)*x(1)*x(1)*x(1)*x(1)*x(1)*x(2) -279.02776*x(1)*x(1)*x(1)*x(1)*x(1)*x(2)*x(2) +1031.33618*x(1)*x(1)*x(1)*x(1)*x(2)*x(2)*x(2) -283.35457*x(1)*x(1)*x(1)*x(2)*x(2)*x(2)*x(2) +1039.23848*x(1)*x(1)*x(2)*x(2)*x(2)*x(2)*x(2) -97.30748*x(1)*x(2)*x(2)*x(2)*x(2)*x(2)*x(2) +349.45959*x(2)*x(2)*x(2)*x(2)*x(2)*x(2)*x(2)
dx(2)/dt = +0.00000*x(1) +0.00000*x(2) +0.00000*x(1)*x(1) -0.00000*x(1)*x(2) +0.00000*x(2)*x(2) -22.16671*x(1)*x(1)*x(1) -29.45866*x(1)*x(1)*x(2) -23.28962*x(1)*x(2)*x(2) -30.31429*x(2)*x(2)*x(2) +0.00000*x(1)*x(1)*x(1)*x(1) +0.00000*x(1)*x(1)*x(1)*x(2) +0.00000*x(1)*x(1)*x(2)*x(2) +0.00000*x(1)*x(2)*x(2)*x(2) +0.00000*x(2)*x(2)*x(2)*x(2) +179.21289*x(1)*x(1)*x(1)*x(1)*x(1) +128.20523*x(1)*x(1)*x(1)*x(1)*x(2) +356.29374*x(1)*x(1)*x(1)*x(2)*x(2) +255.45746*x(1)*x(1)*x(2)*x(2)*x(2) +176.95452*x(1)*x(2)*x(2)*x(2)*x(2) +124.80365*x(2)*x(2)*x(2)*x(2)*x(2) +0.00000*x(1)*x(1)*x(1)*x(1)*x(1)*x(1) +0.00000*x(1)*x(1)*x(1)*x(1)*x(1)*x(2) +0.00000*x(1)*x(1)*x(1)*x(1)*x(2)*x(2) +0.00000*x(1)*x(1)*x(1)*x(2)*x(2)*x(2) +0.00000*x(1)*x(1)*x(2)*x(2)*x(2)*x(2) +0.00000*x(1)*x(2)*x(2)*x(2)*x(2)*x(2) +0.00000*x(2)*x(2)*x(2)*x(2)*x(2)*x(2) -348.44868*x(1)*x(1)*x(1)*x(1)*x(1)*x(1)*x(1) -95.19427*x(1)*x(1)*x(1)*x(1)*x(1)*x(1)*x(2) -1031.87132*x(1)*x(1)*x(1)*x(1)*x(1)*x(2)*x(2) -276.13227*x(1)*x(1)*x(1)*x(1)*x(2)*x(2)*x(2) -1021.93386*x(1)*x(1)*x(1)*x(2)*x(2)*x(2)*x(2) -271.18107*x(1)*x(1)*x(2)*x(2)*x(2)*x(2)*x(2) -336.38435*x(1)*x(2)*x(2)*x(2)*x(2)*x(2)*x(2) -89.12198*x(2)*x(2)*x(2)*x(2)*x(2)*x(2)*x(2)
