dx(1)/dt = -0.00000·x(1) -0.00000·x(2) -0.00000·x(1)*x(1) -0.00000·x(1)*x(2) -0.00000·x(2)*x(2) -7.92944·x(1)*x(1)*x(1) +6.49819·x(1)*x(1)*x(2) -7.92069·x(1)*x(2)*x(2) +6.49833·x(2)*x(2)*x(2) -0.00000·x(1)*x(1)*x(1)*x(1) -0.00000·x(1)*x(1)*x(1)*x(2) -0.00000·x(1)*x(1)*x(2)*x(2) -0.00000·x(1)*x(2)*x(2)*x(2) -0.00000·x(2)*x(2)*x(2)*x(2) +23.76763·x(1)*x(1)*x(1)*x(1)*x(1) -48.24018·x(1)*x(1)*x(1)*x(1)*x(2) +47.55686·x(1)*x(1)*x(1)*x(2)*x(2) -96.40100·x(1)*x(1)*x(2)*x(2)*x(2) +23.74910·x(1)*x(2)*x(2)*x(2)*x(2) -48.22089·x(2)*x(2)*x(2)*x(2)*x(2) -0.00000·x(1)*x(1)*x(1)*x(1)*x(1)*x(1) +0.00000·x(1)*x(1)*x(1)*x(1)*x(1)*x(2) -0.00000·x(1)*x(1)*x(1)*x(1)*x(2)*x(2) +0.00000·x(1)*x(1)*x(1)*x(2)*x(2)*x(2) -0.00000·x(1)*x(1)*x(2)*x(2)*x(2)*x(2) +0.00000·x(1)*x(2)*x(2)*x(2)*x(2)*x(2) -0.00000·x(2)*x(2)*x(2)*x(2)*x(2)*x(2) +0.00000·x(1)*x(1)*x(1)*x(1)*x(1)*x(1)*x(1) +88.10888·x(1)*x(1)*x(1)*x(1)*x(1)*x(1)*x(2) -0.00000·x(1)*x(1)*x(1)*x(1)*x(1)*x(2)*x(2) +0.00000·x(1)*x(1)*x(1)*x(1)*x(2)*x(2)*x(2) -0.00000·x(1)*x(1)*x(1)*x(2)*x(2)*x(2)*x(2) +264.79342·x(1)*x(1)*x(2)*x(2)*x(2)*x(2)*x(2) +0.00000·x(1)*x(2)*x(2)*x(2)*x(2)*x(2)*x(2) +87.66803·x(2)*x(2)*x(2)*x(2)*x(2)*x(2)*x(2)
dx(2)/dt = +0.00000·x(1) -0.00000·x(2) +0.00000·x(1)*x(1) +0.00000·x(1)*x(2) +0.00000·x(2)*x(2) -6.49433·x(1)*x(1)*x(1) -7.93677·x(1)*x(1)*x(2) -6.49865·x(1)*x(2)*x(2) -7.95303·x(2)*x(2)*x(2) +0.00000·x(1)*x(1)*x(1)*x(1) +0.00000·x(1)*x(1)*x(1)*x(2) +0.00000·x(1)*x(1)*x(2)*x(2) +0.00000·x(1)*x(2)*x(2)*x(2) +0.00000·x(2)*x(2)*x(2)*x(2) +48.24114·x(1)*x(1)*x(1)*x(1)*x(1) +24.05582·x(1)*x(1)*x(1)*x(1)*x(2) +96.54268·x(1)*x(1)*x(1)*x(2)*x(2) +48.03419·x(1)*x(1)*x(2)*x(2)*x(2) +48.28338·x(1)*x(2)*x(2)*x(2)*x(2) +24.02324·x(2)*x(2)*x(2)*x(2)*x(2) +0.00000·x(1)*x(1)*x(1)*x(1)*x(1)*x(1) -0.00000·x(1)*x(1)*x(1)*x(1)*x(1)*x(2) +0.00000·x(1)*x(1)*x(1)*x(1)*x(2)*x(2) +0.00000·x(1)*x(1)*x(1)*x(2)*x(2)*x(2) +0.00000·x(1)*x(1)*x(2)*x(2)*x(2)*x(2) -0.00000·x(1)*x(2)*x(2)*x(2)*x(2)*x(2) +0.00000·x(2)*x(2)*x(2)*x(2)*x(2)*x(2) -88.28460·x(1)*x(1)*x(1)*x(1)*x(1)*x(1)*x(1) +0.00000·x(1)*x(1)*x(1)*x(1)*x(1)*x(1)*x(2) -265.23855·x(1)*x(1)*x(1)*x(1)*x(1)*x(2)*x(2) -0.00000·x(1)*x(1)*x(1)*x(1)*x(2)*x(2)*x(2) -0.00000·x(1)*x(1)*x(1)*x(2)*x(2)*x(2)*x(2) -0.00000·x(1)*x(1)*x(2)*x(2)*x(2)*x(2)*x(2) -0.00000·x(1)*x(2)*x(2)*x(2)*x(2)*x(2)*x(2) +0.00000·x(2)*x(2)*x(2)*x(2)*x(2)*x(2)*x(2)
