dx(1)/dt = +0.00000·x(1) -0.00000·x(2) +0.00000·x(1)*x(1) -0.00000·x(1)*x(2) +0.00000·x(2)*x(2) -7.74264·x(1)*x(1)*x(1) +6.40920·x(1)*x(1)*x(2) -7.72872·x(1)*x(2)*x(2) +6.40663·x(2)*x(2)*x(2) +0.00000·x(1)*x(1)*x(1)*x(1) +0.00000·x(1)*x(1)*x(1)*x(2) +0.00000·x(1)*x(1)*x(2)*x(2) +0.00000·x(1)*x(2)*x(2)*x(2) +0.00000·x(2)*x(2)*x(2)*x(2) +23.35052·x(1)*x(1)*x(1)*x(1)*x(1) -47.09133·x(1)*x(1)*x(1)*x(1)*x(2) +46.67481·x(1)*x(1)*x(1)*x(2)*x(2) -94.21018·x(1)*x(1)*x(2)*x(2)*x(2) +23.36636·x(1)*x(2)*x(2)*x(2)*x(2) -47.09533·x(2)*x(2)*x(2)*x(2)*x(2) +0.00000·x(1)*x(1)*x(1)*x(1)*x(1)*x(1) +0.00000·x(1)*x(1)*x(1)*x(1)*x(1)*x(2) +0.00000·x(1)*x(1)*x(1)*x(1)*x(2)*x(2) +0.00000·x(1)*x(1)*x(1)*x(2)*x(2)*x(2) +0.00000·x(1)*x(1)*x(2)*x(2)*x(2)*x(2) +0.00000·x(1)*x(2)*x(2)*x(2)*x(2)*x(2) +0.00000·x(2)*x(2)*x(2)*x(2)*x(2)*x(2) +0.00000·x(1)*x(1)*x(1)*x(1)*x(1)*x(1)*x(1) +0.00000·x(1)*x(1)*x(1)*x(1)*x(1)*x(1)*x(2) -0.00000·x(1)*x(1)*x(1)*x(1)*x(1)*x(2)*x(2) +0.00000·x(1)*x(1)*x(1)*x(1)*x(2)*x(2)*x(2) -0.00000·x(1)*x(1)*x(1)*x(2)*x(2)*x(2)*x(2) +259.09053·x(1)*x(1)*x(2)*x(2)*x(2)*x(2)*x(2) +0.00000·x(1)*x(2)*x(2)*x(2)*x(2)*x(2)*x(2) +86.22336·x(2)*x(2)*x(2)*x(2)*x(2)*x(2)*x(2)
dx(2)/dt = +0.00000·x(1) -0.00000·x(2) +0.00000·x(1)*x(1) +0.00000·x(1)*x(2) +0.00000·x(2)*x(2) -6.47189·x(1)*x(1)*x(1) -7.72966·x(1)*x(1)*x(2) -6.47748·x(1)*x(2)*x(2) -7.74294·x(2)*x(2)*x(2) +0.00000·x(1)*x(1)*x(1)*x(1) +0.00000·x(1)*x(1)*x(1)*x(2) +0.00000·x(1)*x(1)*x(2)*x(2) +0.00000·x(1)*x(2)*x(2)*x(2) +0.00000·x(2)*x(2)*x(2)*x(2) +47.49250·x(1)*x(1)*x(1)*x(1)*x(1) +23.34673·x(1)*x(1)*x(1)*x(1)*x(2) +95.03999·x(1)*x(1)*x(1)*x(2)*x(2) +46.58847·x(1)*x(1)*x(2)*x(2)*x(2) +47.52680·x(1)*x(2)*x(2)*x(2)*x(2) +23.28003·x(2)*x(2)*x(2)*x(2)*x(2) +0.00000·x(1)*x(1)*x(1)*x(1)*x(1)*x(1) -0.00000·x(1)*x(1)*x(1)*x(1)*x(1)*x(2) +0.00000·x(1)*x(1)*x(1)*x(1)*x(2)*x(2) +0.00000·x(1)*x(1)*x(1)*x(2)*x(2)*x(2) +0.00000·x(1)*x(1)*x(2)*x(2)*x(2)*x(2) -0.00000·x(1)*x(2)*x(2)*x(2)*x(2)*x(2) +0.00000·x(2)*x(2)*x(2)*x(2)*x(2)*x(2) -87.00234·x(1)*x(1)*x(1)*x(1)*x(1)*x(1)*x(1) +0.00000·x(1)*x(1)*x(1)*x(1)*x(1)*x(1)*x(2) -261.12300·x(1)*x(1)*x(1)*x(1)*x(1)*x(2)*x(2) -0.00000·x(1)*x(1)*x(1)*x(1)*x(2)*x(2)*x(2) -0.00000·x(1)*x(1)*x(1)*x(2)*x(2)*x(2)*x(2) -0.00000·x(1)*x(1)*x(2)*x(2)*x(2)*x(2)*x(2) -0.00000·x(1)*x(2)*x(2)*x(2)*x(2)*x(2)*x(2) +0.00000·x(2)*x(2)*x(2)*x(2)*x(2)*x(2)*x(2)
