dx(1)/dt = +1.79008·x(1) +1.28691·x(2) -0.00834·x(1)*x(1) -0.00956·x(1)*x(2) +0.00946·x(2)*x(2) -1.52845·x(1)*x(1)*x(1) +0.76448·x(1)*x(1)*x(2) -2.19503·x(1)*x(2)*x(2) +0.24378·x(2)*x(2)*x(2) +0.01743·x(1)*x(1)*x(1)*x(1) +0.02538·x(1)*x(1)*x(1)*x(2) -0.01533·x(1)*x(1)*x(2)*x(2) -0.00314·x(1)*x(2)*x(2)*x(2) -0.00622·x(2)*x(2)*x(2)*x(2) -0.26310·x(1)*x(1)*x(1)*x(1)*x(1) -0.11562·x(1)*x(1)*x(1)*x(1)*x(2) +0.69572·x(1)*x(1)*x(1)*x(2)*x(2) -0.35696·x(1)*x(1)*x(2)*x(2)*x(2) +0.18350·x(1)*x(2)*x(2)*x(2)*x(2) +0.20533·x(2)*x(2)*x(2)*x(2)*x(2)
dx(2)/dt = -1.24963·x(1) +2.03814·x(2) -0.03387·x(1)*x(1) +0.00656·x(1)*x(2) +0.02428·x(2)*x(2) -0.27315·x(1)*x(1)*x(1) -2.44784·x(1)*x(1)*x(2) -0.83040·x(1)*x(2)*x(2) -1.91602·x(2)*x(2)*x(2) +0.02867·x(1)*x(1)*x(1)*x(1) -0.01165·x(1)*x(1)*x(1)*x(2) +0.01398·x(1)*x(1)*x(2)*x(2) -0.00245·x(1)*x(2)*x(2)*x(2) -0.02804·x(2)*x(2)*x(2)*x(2) -0.20560·x(1)*x(1)*x(1)*x(1)*x(1) +0.20262·x(1)*x(1)*x(1)*x(1)*x(2) +0.35057·x(1)*x(1)*x(1)*x(2)*x(2) +0.80975·x(1)*x(1)*x(2)*x(2)*x(2) +0.12091·x(1)*x(2)*x(2)*x(2)*x(2) -0.11456·x(2)*x(2)*x(2)*x(2)*x(2)
