dx(1)/dt = +1.01297·x(1) +3.14808·x(2) +0.00267·x(1)*x(1) -0.00000·x(1)*x(2) -0.00192·x(2)*x(2) -1.05426·x(1)*x(1)*x(1) -0.13763·x(1)*x(1)*x(2) -1.05251·x(1)*x(2)*x(2) -0.13673·x(2)*x(2)*x(2) -0.00260·x(1)*x(1)*x(1)*x(1) +0.00000·x(1)*x(1)*x(1)*x(2) -0.00093·x(1)*x(1)*x(2)*x(2) +0.00000·x(1)*x(2)*x(2)*x(2) +0.00190·x(2)*x(2)*x(2)*x(2) +0.04233·x(1)*x(1)*x(1)*x(1)*x(1) +0.04881·x(1)*x(1)*x(1)*x(1)*x(2) +0.07645·x(1)*x(1)*x(1)*x(2)*x(2) +0.09788·x(1)*x(1)*x(2)*x(2)*x(2) +0.04272·x(1)*x(2)*x(2)*x(2)*x(2) +0.04815·x(2)*x(2)*x(2)*x(2)*x(2)
dx(2)/dt = -3.24047·x(1) +0.99339·x(2) +0.01056·x(1)*x(1) -0.00000·x(1)*x(2) -0.01077·x(2)*x(2) +0.31684·x(1)*x(1)*x(1) -1.05932·x(1)*x(1)*x(2) +0.31043·x(1)*x(2)*x(2) -1.05779·x(2)*x(2)*x(2) -0.01075·x(1)*x(1)*x(1)*x(1) +0.00000·x(1)*x(1)*x(1)*x(2) +0.00156·x(1)*x(1)*x(2)*x(2) +0.00000·x(1)*x(2)*x(2)*x(2) +0.01050·x(2)*x(2)*x(2)*x(2) -0.13551·x(1)*x(1)*x(1)*x(1)*x(1) +0.06522·x(1)*x(1)*x(1)*x(1)*x(2) -0.26842·x(1)*x(1)*x(1)*x(2)*x(2) +0.13173·x(1)*x(1)*x(2)*x(2)*x(2) -0.12783·x(1)*x(2)*x(2)*x(2)*x(2) +0.06425·x(2)*x(2)*x(2)*x(2)*x(2)
