dx(1)/dt = +1.00058·x(1) +3.14859·x(2) +0.00278·x(1)*x(1) -0.00000·x(1)*x(2) -0.00204·x(2)*x(2) -1.03225·x(1)*x(1)*x(1) -0.14602·x(1)*x(1)*x(2) -1.03135·x(1)*x(2)*x(2) -0.14526·x(2)*x(2)*x(2) -0.00260·x(1)*x(1)*x(1)*x(1) +0.00000·x(1)*x(1)*x(1)*x(2) -0.00143·x(1)*x(1)*x(2)*x(2) +0.00000·x(1)*x(2)*x(2)*x(2) +0.00208·x(2)*x(2)*x(2)*x(2) +0.03270·x(1)*x(1)*x(1)*x(1)*x(1) +0.05640·x(1)*x(1)*x(1)*x(1)*x(2) +0.05850·x(1)*x(1)*x(1)*x(2)*x(2) +0.11250·x(1)*x(1)*x(2)*x(2)*x(2) +0.03380·x(1)*x(2)*x(2)*x(2)*x(2) +0.05573·x(2)*x(2)*x(2)*x(2)*x(2)
dx(2)/dt = -3.25558·x(1) +0.99503·x(2) +0.01127·x(1)*x(1) -0.00000·x(1)*x(2) -0.01165·x(2)*x(2) +0.34434·x(1)*x(1)*x(1) -1.07264·x(1)*x(1)*x(2) +0.33713·x(1)*x(2)*x(2) -1.07138·x(2)*x(2)*x(2) -0.01140·x(1)*x(1)*x(1)*x(1) +0.00000·x(1)*x(1)*x(1)*x(2) +0.00149·x(1)*x(1)*x(2)*x(2) +0.00000·x(1)*x(2)*x(2)*x(2) +0.01141·x(2)*x(2)*x(2)*x(2) -0.14752·x(1)*x(1)*x(1)*x(1)*x(1) +0.07649·x(1)*x(1)*x(1)*x(1)*x(2) -0.28997·x(1)*x(1)*x(1)*x(2)*x(2) +0.15643·x(1)*x(1)*x(2)*x(2)*x(2) -0.13959·x(1)*x(2)*x(2)*x(2)*x(2) +0.07617·x(2)*x(2)*x(2)*x(2)*x(2)
