dx(1)/dt = 1.03257*x(2) + 0.02628*x(1) - 0.0132178*x(1)*x(2)*x(2) - 0.00936801*x(2)*x(2)*x(2) + 0.00700153*x(2)*x(2) - 0.00450617*x(1)*x(1)*x(1) + 0.00305991*x(1)*x(1) + 0.00189885*x(1)*x(2)*x(2)*x(2)*x(2) - 0.00138633*x(1)*x(1)*x(1)*x(2)*x(2) - 0.00130919*x(1)*x(1)*x(1)*x(1)*x(2) + 0.00119472*x(1)*x(1)*x(2)*x(2)*x(2) + 0.00113668*x(1)*x(1)*x(2)
dx(2)/dt = -0.991591*x(1) - 0.988361*x(1)*x(1)*x(2) + 0.927493*x(2) + 0.137251*x(2)*x(2) - 0.0670891*x(1)*x(2) + 0.0302236*x(1)*x(1) + 0.0253108*x(1)*x(1)*x(2)*x(2) + 0.0204998*x(2)*x(2)*x(2) + 0.0194493*x(1)*x(2)*x(2)*x(2) + 0.0127483*x(1)*x(1)*x(1) + 0.0119639*x(1)*x(1)*x(1)*x(1)*x(2) - 0.01166*x(1)*x(1)*x(1)*x(2)
