dx(1)/dt = +0.00008·x(1) +0.99946·x(2) -0.00000·x(1)*x(1) -0.00001·x(1)*x(2) +0.00000·x(2)*x(2) +0.00011·x(1)*x(1)*x(1) +0.00134·x(1)*x(1)*x(2) -0.00114·x(1)*x(2)*x(2) +0.00025·x(2)*x(2)*x(2) +0.00000·x(1)*x(1)*x(1)*x(1) -0.00000·x(1)*x(1)*x(1)*x(2) -0.00001·x(1)*x(1)*x(2)*x(2) +0.00001·x(1)*x(2)*x(2)*x(2) -0.00000·x(2)*x(2)*x(2)*x(2) -0.00000·x(1)*x(1)*x(1)*x(1)*x(1) +0.00007·x(1)*x(1)*x(1)*x(1)*x(2) +0.00094·x(1)*x(1)*x(1)*x(2)*x(2) -0.00102·x(1)*x(1)*x(2)*x(2)*x(2) -0.00005·x(1)*x(2)*x(2)*x(2)*x(2) +0.00005·x(2)*x(2)*x(2)*x(2)*x(2)
dx(2)/dt = -1.00232·x(1) +0.99993·x(2) -0.00011·x(1)*x(1) +0.00034·x(1)*x(2) -0.00029·x(2)*x(2) -0.00341·x(1)*x(1)*x(1) -0.99205·x(1)*x(1)*x(2) +0.00736·x(1)*x(2)*x(2) -0.00667·x(2)*x(2)*x(2) +0.00000·x(1)*x(1)*x(1)*x(1) -0.00008·x(1)*x(1)*x(1)*x(2) +0.00036·x(1)*x(1)*x(2)*x(2) -0.00009·x(1)*x(2)*x(2)*x(2) +0.00003·x(2)*x(2)*x(2)*x(2) +0.00002·x(1)*x(1)*x(1)*x(1)*x(1) -0.00299·x(1)*x(1)*x(1)*x(1)*x(2) +0.00964·x(1)*x(1)*x(1)*x(2)*x(2) +0.01203·x(1)*x(1)*x(2)*x(2)*x(2) -0.00795·x(1)*x(2)*x(2)*x(2)*x(2) +0.00067·x(2)*x(2)*x(2)*x(2)*x(2)
