dx(1)/dt = 3.01361*x(2) - 0.983435*x(1)*x(1)*x(1) + 0.947888*x(1) - 0.914121*x(1)*x(2)*x(2) - 0.0748229*x(1)*x(2) - 0.0549399*x(2)*x(2) - 0.0351023*x(1)*x(1)*x(2) + 0.0267145*x(1)*x(2)*x(2)*x(2) + 0.0227385*x(1)*x(1)*x(1)*x(2) + 0.0157563*x(1)*x(1) + 0.013358*x(1)*x(1)*x(1)*x(2)*x(2) - 0.00823548*x(1)*x(1)*x(2)*x(2)
dx(2)/dt = -3.03473*x(1) - 0.941537*x(2)*x(2)*x(2) + 0.884061*x(2) - 0.750658*x(1)*x(1)*x(2) + 0.108695*x(2)*x(2) + 0.066838*x(1)*x(2)*x(2) + 0.0656515*x(1)*x(2) + 0.0451004*x(1)*x(1) - 0.0360187*x(1)*x(1)*x(2)*x(2)*x(2) + 0.0350694*x(1)*x(1)*x(1) - 0.0311256*x(1)*x(1)*x(1)*x(2) - 0.0272244*x(1)*x(1)*x(1)*x(1)*x(2)
