batch_size: 32
beta_align: 0.024236513513254402
decayA_last_frac: 0.3
decayA_min_ratio: 0.2
depth: 1
dropout: 0.0
dt: 0.3
epochs_A: 150
epochs_B: 280
g_dim: 60
grad_clip: 1.0
lam_full: 1.1724216706094638e-05
lam_g: 6.705441716633044e-06
lam_phi: 3.0e-10
lrA: 0.002
lrB_end: 0.0003
lrB_start: 0.003
polyorder: 2
rollout_B: 8
width: 128
