dx(1)/dt = -0.418462*x(1)*x(2) - 0.119675*x(1) + 0.0631867*x(1)*x(1) - 0.0047656*x(2) + 0.000416008*x(2)*x(2)
dx(2)/dt = 0.362881*x(1)*x(2) - 0.337947*x(2) + 0.238106*x(1) - 0.0073775*x(1)*x(1) + 0.00150917*x(2)*x(2)
