dx(1)/dt = +0.01874*x(1) -2.37624*x(2) -0.03469*x(1)*x(1) +0.04199*x(1)*x(2) +0.03161*x(2)*x(2) +0.19785*x(1)*x(1)*x(1) -0.94653*x(1)*x(1)*x(2) -0.50838*x(1)*x(2)*x(2) +0.69694*x(2)*x(2)*x(2) +0.28367*x(1)*x(1)*x(1)*x(1) -0.13025*x(1)*x(1)*x(1)*x(2) -0.00476*x(1)*x(1)*x(2)*x(2) -0.23150*x(1)*x(2)*x(2)*x(2) -0.12941*x(2)*x(2)*x(2)*x(2) -3.37001*x(1)*x(1)*x(1)*x(1)*x(1) +3.26258*x(1)*x(1)*x(1)*x(1)*x(2) -4.47018*x(1)*x(1)*x(1)*x(2)*x(2) -2.80535*x(1)*x(1)*x(2)*x(2)*x(2) -3.36852*x(1)*x(2)*x(2)*x(2)*x(2) -4.21052*x(2)*x(2)*x(2)*x(2)*x(2) -0.32614*x(1)*x(1)*x(1)*x(1)*x(1)*x(1) +0.03859*x(1)*x(1)*x(1)*x(1)*x(1)*x(2) +0.16333*x(1)*x(1)*x(1)*x(1)*x(2)*x(2) +0.09734*x(1)*x(1)*x(1)*x(2)*x(2)*x(2) -0.08345*x(1)*x(1)*x(2)*x(2)*x(2)*x(2) +0.32119*x(1)*x(2)*x(2)*x(2)*x(2)*x(2) +0.11538*x(2)*x(2)*x(2)*x(2)*x(2)*x(2) +0.98903*x(1)*x(1)*x(1)*x(1)*x(1)*x(1)*x(1) -2.66179*x(1)*x(1)*x(1)*x(1)*x(1)*x(1)*x(2) +5.44141*x(1)*x(1)*x(1)*x(1)*x(1)*x(2)*x(2) +1.77749*x(1)*x(1)*x(1)*x(1)*x(2)*x(2)*x(2) +1.37229*x(1)*x(1)*x(1)*x(2)*x(2)*x(2)*x(2) +2.30411*x(1)*x(1)*x(2)*x(2)*x(2)*x(2)*x(2) +2.42418*x(1)*x(2)*x(2)*x(2)*x(2)*x(2)*x(2) +3.06890*x(2)*x(2)*x(2)*x(2)*x(2)*x(2)*x(2)
dx(2)/dt = +2.38944*x(1) +0.02559*x(2) +0.02862*x(1)*x(1) -0.06119*x(1)*x(2) +0.03806*x(2)*x(2) -0.86306*x(1)*x(1)*x(1) -0.70080*x(1)*x(1)*x(2) +0.99845*x(1)*x(2)*x(2) -0.00526*x(2)*x(2)*x(2) -0.15040*x(1)*x(1)*x(1)*x(1) +0.55179*x(1)*x(1)*x(1)*x(2) -0.41145*x(1)*x(1)*x(2)*x(2) +0.09092*x(1)*x(2)*x(2)*x(2) -0.15048*x(2)*x(2)*x(2)*x(2) +4.71682*x(1)*x(1)*x(1)*x(1)*x(1) -2.60105*x(1)*x(1)*x(1)*x(1)*x(2) +2.64502*x(1)*x(1)*x(1)*x(2)*x(2) -5.15791*x(1)*x(1)*x(2)*x(2)*x(2) -3.21247*x(1)*x(2)*x(2)*x(2)*x(2) -2.44988*x(2)*x(2)*x(2)*x(2)*x(2) +0.10514*x(1)*x(1)*x(1)*x(1)*x(1)*x(1) -0.39423*x(1)*x(1)*x(1)*x(1)*x(1)*x(2) +0.26075*x(1)*x(1)*x(1)*x(1)*x(2)*x(2) -0.32852*x(1)*x(1)*x(1)*x(2)*x(2)*x(2) +0.39495*x(1)*x(1)*x(2)*x(2)*x(2)*x(2) -0.02695*x(1)*x(2)*x(2)*x(2)*x(2)*x(2) +0.12956*x(2)*x(2)*x(2)*x(2)*x(2)*x(2) -3.42056*x(1)*x(1)*x(1)*x(1)*x(1)*x(1)*x(1) +1.79780*x(1)*x(1)*x(1)*x(1)*x(1)*x(1)*x(2) -2.38984*x(1)*x(1)*x(1)*x(1)*x(1)*x(2)*x(2) +2.12408*x(1)*x(1)*x(1)*x(1)*x(2)*x(2)*x(2) -1.52443*x(1)*x(1)*x(1)*x(2)*x(2)*x(2)*x(2) +5.40014*x(1)*x(1)*x(2)*x(2)*x(2)*x(2)*x(2) +2.47914*x(1)*x(2)*x(2)*x(2)*x(2)*x(2)*x(2) +0.33591*x(2)*x(2)*x(2)*x(2)*x(2)*x(2)*x(2)
