dx(1)/dt = -0.00819*x(1) -2.97204*x(2) +0.00155*x(1)*x(1) -0.00127*x(1)*x(2) +0.00149*x(2)*x(2) -0.88882*x(1)*x(1)*x(1) +0.09126*x(1)*x(1)*x(2) -0.84566*x(1)*x(2)*x(2) +0.08711*x(2)*x(2)*x(2) -0.00575*x(1)*x(1)*x(1)*x(1) +0.00580*x(1)*x(1)*x(1)*x(2) -0.01460*x(1)*x(1)*x(2)*x(2) +0.00456*x(1)*x(2)*x(2)*x(2) -0.00452*x(2)*x(2)*x(2)*x(2) -0.13696*x(1)*x(1)*x(1)*x(1)*x(1) -0.20343*x(1)*x(1)*x(1)*x(1)*x(2) -0.56150*x(1)*x(1)*x(1)*x(2)*x(2) -0.48074*x(1)*x(1)*x(2)*x(2)*x(2) -0.23947*x(1)*x(2)*x(2)*x(2)*x(2) -0.22472*x(2)*x(2)*x(2)*x(2)*x(2) +0.00753*x(1)*x(1)*x(1)*x(1)*x(1)*x(1) -0.00718*x(1)*x(1)*x(1)*x(1)*x(1)*x(2) -0.00794*x(1)*x(1)*x(1)*x(1)*x(2)*x(2) -0.00457*x(1)*x(1)*x(1)*x(2)*x(2)*x(2) +0.02806*x(1)*x(1)*x(2)*x(2)*x(2)*x(2) -0.00154*x(1)*x(2)*x(2)*x(2)*x(2)*x(2) +0.00315*x(2)*x(2)*x(2)*x(2)*x(2)*x(2) +0.02457*x(1)*x(1)*x(1)*x(1)*x(1)*x(1)*x(1) +0.00866*x(1)*x(1)*x(1)*x(1)*x(1)*x(1)*x(2) +0.36395*x(1)*x(1)*x(1)*x(1)*x(1)*x(2)*x(2) +0.48577*x(1)*x(1)*x(1)*x(1)*x(2)*x(2)*x(2) +0.30217*x(1)*x(1)*x(1)*x(2)*x(2)*x(2)*x(2) +0.30703*x(1)*x(1)*x(2)*x(2)*x(2)*x(2)*x(2) +0.08392*x(1)*x(2)*x(2)*x(2)*x(2)*x(2)*x(2) +0.11072*x(2)*x(2)*x(2)*x(2)*x(2)*x(2)*x(2)
dx(2)/dt = +2.97249*x(1) -0.00927*x(2) +0.00201*x(1)*x(1) -0.00450*x(1)*x(2) +0.00263*x(2)*x(2) -0.09419*x(1)*x(1)*x(1) -0.84673*x(1)*x(1)*x(2) -0.08593*x(1)*x(2)*x(2) -0.88521*x(2)*x(2)*x(2) -0.00913*x(1)*x(1)*x(1)*x(1) +0.01750*x(1)*x(1)*x(1)*x(2) -0.02004*x(1)*x(1)*x(2)*x(2) +0.02036*x(1)*x(2)*x(2)*x(2) -0.01185*x(2)*x(2)*x(2)*x(2) +0.24894*x(1)*x(1)*x(1)*x(1)*x(1) -0.21231*x(1)*x(1)*x(1)*x(1)*x(2) +0.46095*x(1)*x(1)*x(1)*x(2)*x(2) -0.60932*x(1)*x(1)*x(2)*x(2)*x(2) +0.18782*x(1)*x(2)*x(2)*x(2)*x(2) -0.12672*x(2)*x(2)*x(2)*x(2)*x(2) +0.00649*x(1)*x(1)*x(1)*x(1)*x(1)*x(1) -0.01230*x(1)*x(1)*x(1)*x(1)*x(1)*x(2) +0.03432*x(1)*x(1)*x(1)*x(1)*x(2)*x(2) -0.01701*x(1)*x(1)*x(1)*x(2)*x(2)*x(2) -0.00608*x(1)*x(1)*x(2)*x(2)*x(2)*x(2) -0.01801*x(1)*x(2)*x(2)*x(2)*x(2)*x(2) +0.01434*x(2)*x(2)*x(2)*x(2)*x(2)*x(2) -0.12615*x(1)*x(1)*x(1)*x(1)*x(1)*x(1)*x(1) +0.05854*x(1)*x(1)*x(1)*x(1)*x(1)*x(1)*x(2) -0.31933*x(1)*x(1)*x(1)*x(1)*x(1)*x(2)*x(2) +0.33795*x(1)*x(1)*x(1)*x(1)*x(2)*x(2)*x(2) -0.45445*x(1)*x(1)*x(1)*x(2)*x(2)*x(2)*x(2) +0.38176*x(1)*x(1)*x(2)*x(2)*x(2)*x(2)*x(2) +0.00207*x(1)*x(2)*x(2)*x(2)*x(2)*x(2)*x(2) +0.01277*x(2)*x(2)*x(2)*x(2)*x(2)*x(2)*x(2)
