batch_size: 1024
beta_align: 0.001139039180687428
decayA_last_frac: 0.3
decayA_min_ratio: 0.2
depth: 6
dropout: 0.45
dt: 0.9
epochs_A: 200
epochs_B: 320
g_dim: 30
grad_clip: 1.0
lam_full: 1.0981872642456628e-07
lam_g: 2.237783846130055e-06
lam_phi: 3.0e-10
lrA: 0.002
lrB_end: 0.0003
lrB_start: 0.003
polyorder: 7
rollout_B: 16
width: 128
