dx(1)/dt = +0.00000·x(1) -2.98849·x(2) -0.00168·x(1)*x(1) -0.00000·x(1)*x(2) +0.00168·x(2)*x(2) -1.33028·x(1)*x(1)*x(1) -0.00000·x(1)*x(1)*x(2) -1.33241·x(1)*x(2)*x(2) +0.00000·x(2)*x(2)*x(2) +0.00000·x(1)*x(1)*x(1)*x(1) -0.00000·x(1)*x(1)*x(1)*x(2) +0.00000·x(1)*x(1)*x(2)*x(2) +0.00000·x(1)*x(2)*x(2)*x(2) +0.00000·x(2)*x(2)*x(2)*x(2) +0.00000·x(1)*x(1)*x(1)*x(1)*x(1) -0.00000·x(1)*x(1)*x(1)*x(1)*x(2) -0.00000·x(1)*x(1)*x(1)*x(2)*x(2) -0.00000·x(1)*x(1)*x(2)*x(2)*x(2) -0.00000·x(1)*x(2)*x(2)*x(2)*x(2) -0.00000·x(2)*x(2)*x(2)*x(2)*x(2) +0.00000·x(1)*x(1)*x(1)*x(1)*x(1)*x(1) -0.00000·x(1)*x(1)*x(1)*x(1)*x(1)*x(2) +0.00000·x(1)*x(1)*x(1)*x(1)*x(2)*x(2) +0.00000·x(1)*x(1)*x(1)*x(2)*x(2)*x(2) +0.00000·x(1)*x(1)*x(2)*x(2)*x(2)*x(2) +0.00000·x(1)*x(2)*x(2)*x(2)*x(2)*x(2) +0.00000·x(2)*x(2)*x(2)*x(2)*x(2)*x(2) +0.00000·x(1)*x(1)*x(1)*x(1)*x(1)*x(1)*x(1) +0.00000·x(1)*x(1)*x(1)*x(1)*x(1)*x(1)*x(2) +0.00000·x(1)*x(1)*x(1)*x(1)*x(1)*x(2)*x(2) -0.00000·x(1)*x(1)*x(1)*x(1)*x(2)*x(2)*x(2) -0.00000·x(1)*x(1)*x(1)*x(2)*x(2)*x(2)*x(2) +0.00000·x(1)*x(1)*x(2)*x(2)*x(2)*x(2)*x(2) -0.00000·x(1)*x(2)*x(2)*x(2)*x(2)*x(2)*x(2) -0.00000·x(2)*x(2)*x(2)*x(2)*x(2)*x(2)*x(2)
dx(2)/dt = +2.98843·x(1) +0.00000·x(2) -0.00176·x(1)*x(1) -0.00000·x(1)*x(2) +0.00176·x(2)*x(2) -0.00000·x(1)*x(1)*x(1) -1.32682·x(1)*x(1)*x(2) +0.00000·x(1)*x(2)*x(2) -1.32518·x(2)*x(2)*x(2) +0.00000·x(1)*x(1)*x(1)*x(1) +0.00000·x(1)*x(1)*x(1)*x(2) +0.00000·x(1)*x(1)*x(2)*x(2) -0.00000·x(1)*x(2)*x(2)*x(2) +0.00000·x(2)*x(2)*x(2)*x(2) +0.00000·x(1)*x(1)*x(1)*x(1)*x(1) -0.00000·x(1)*x(1)*x(1)*x(1)*x(2) +0.00000·x(1)*x(1)*x(1)*x(2)*x(2) -0.00000·x(1)*x(1)*x(2)*x(2)*x(2) +0.00000·x(1)*x(2)*x(2)*x(2)*x(2) +0.00000·x(2)*x(2)*x(2)*x(2)*x(2) +0.00000·x(1)*x(1)*x(1)*x(1)*x(1)*x(1) +0.00000·x(1)*x(1)*x(1)*x(1)*x(1)*x(2) +0.00000·x(1)*x(1)*x(1)*x(1)*x(2)*x(2) -0.00000·x(1)*x(1)*x(1)*x(2)*x(2)*x(2) +0.00000·x(1)*x(1)*x(2)*x(2)*x(2)*x(2) -0.00000·x(1)*x(2)*x(2)*x(2)*x(2)*x(2) +0.00000·x(2)*x(2)*x(2)*x(2)*x(2)*x(2) +0.00000·x(1)*x(1)*x(1)*x(1)*x(1)*x(1)*x(1) -0.00000·x(1)*x(1)*x(1)*x(1)*x(1)*x(1)*x(2) -0.00000·x(1)*x(1)*x(1)*x(1)*x(1)*x(2)*x(2) -0.00000·x(1)*x(1)*x(1)*x(1)*x(2)*x(2)*x(2) +0.00000·x(1)*x(1)*x(1)*x(2)*x(2)*x(2)*x(2) +0.00000·x(1)*x(1)*x(2)*x(2)*x(2)*x(2)*x(2) -0.00000·x(1)*x(2)*x(2)*x(2)*x(2)*x(2)*x(2) +0.00000·x(2)*x(2)*x(2)*x(2)*x(2)*x(2)*x(2)
