dt: 0.2
polyorder: 5
g_dim: 45
width: 64
depth: 5
dropout: 0.30000000000000004
epochs_A: 120
epochs_B: 220
lrA: 0.002
lrB_start: 0.003
lrB_end: 0.0003
decayA_last_frac: 0.3
decayA_min_ratio: 0.2
lam_phi: 3.0e-10
lam_g: 3.5131785219644635e-06
lam_full: 6.777962289634196e-07
rollout_B: 16
beta_align: 0.09436936518404437
batch_size: 1024
grad_clip: 1.0
