dx(1)/dt = -0.00237*1 -0.57415*x(1) -0.01358*x(2) -3.78022*x(1)*x(1) +94.60054*x(1)*x(2) +106.85900*x(2)*x(2) -209.30252*x(1)*x(1)*x(1) +1801.19376*x(1)*x(1)*x(2) -11907.28857*x(1)*x(2)*x(2) +2881.40259*x(2)*x(2)*x(2)
dx(2)/dt = +0.06874*1 -1.60851*x(1) -3.56242*x(2) -63.89460*x(1)*x(1) +405.28023*x(1)*x(2) +45.63089*x(2)*x(2) +1553.69001*x(1)*x(1)*x(1) -17305.64212*x(1)*x(1)*x(2) -6934.30919*x(1)*x(2)*x(2) +5537.28217*x(2)*x(2)*x(2)
