dx(1)/dt = 14.5441*x(2) + 0.728481*x(1)*x(2)*x(2) - 0.632348*x(1)*x(1) - 0.62385*x(2)*x(2) - 0.211728*x(1)*x(1)*x(1) + 0.142487*x(1)*x(1)*x(2)*x(2) - 0.122171*x(1)*x(2)*x(2)*x(2) - 0.111446*x(1) + 0.10949*x(1)*x(1)*x(2) + 0.100111*x(2)*x(2)*x(2)*x(2) + 0.0894508*x(1)*x(1)*x(1)*x(1) + 0.0514331*x(1)*x(2)
dx(2)/dt = -17.3566*x(1) - 1.86468*x(2) - 0.776682*x(1)*x(2) + 0.711746*x(1)*x(1)*x(1) + 0.66855*x(1)*x(2)*x(2) + 0.59402*x(2)*x(2)*x(2) - 0.558128*x(1)*x(1) - 0.406028*x(1)*x(1)*x(2) + 0.291992*x(1)*x(1)*x(2)*x(2) + 0.256815*x(1)*x(1)*x(1)*x(2) + 0.106543*x(1)*x(2)*x(2)*x(2) - 0.0881697*x(2)*x(2)
