dx(1)/dt = 1.00487*x(2) - 0.00239579*x(1)*x(1)*x(2) - 0.000927052*x(2)*x(2)*x(2) + 0.000875142*x(1) + 0.000814508*x(1)*x(2)*x(2) - 0.00043112*x(1)*x(1)*x(1) + 0.000154071*x(1)*x(1)*x(1)*x(1)*x(2) - 0.00013458*x(1)*x(1)*x(1)*x(2)*x(2) - 0.0000844591*x(1)*x(1)*x(1)*x(2) - 0.0000842127*x(1)*x(1)*x(2)*x(2)*x(2) + 0.0000739983*x(1)*x(2)*x(2)*x(2) + 0.0000563439*x(1)*x(2)
dx(2)/dt = -1.01756*x(1) + 0.994588*x(2) - 0.981361*x(1)*x(1)*x(2) - 0.00787338*x(2)*x(2)*x(2) + 0.00697356*x(1)*x(2)*x(2) + 0.00637403*x(2)*x(2) - 0.00579089*x(1)*x(2) + 0.0051055*x(1)*x(1)*x(1) + 0.00263242*x(1)*x(1)*x(1)*x(2) + 0.00200237*x(1)*x(1)*x(2)*x(2)*x(2) - 0.00172668*x(1)*x(2)*x(2)*x(2) + 0.00150993*x(1)*x(1)*x(2)*x(2)
