dx(1)/dt = +0.02795·x(1) +1.06917·x(2) -0.00002·x(1)*x(1) -0.00103·x(1)*x(2) -0.00082·x(2)*x(2) -0.00555·x(1)*x(1)*x(1) -0.02608·x(1)*x(1)*x(2) -0.00945·x(1)*x(2)*x(2) -0.01222·x(2)*x(2)*x(2) -0.00001·x(1)*x(1)*x(1)*x(1) +0.00008·x(1)*x(1)*x(1)*x(2) +0.00018·x(1)*x(1)*x(2)*x(2) +0.00010·x(1)*x(2)*x(2)*x(2) +0.00001·x(2)*x(2)*x(2)*x(2) +0.00014·x(1)*x(1)*x(1)*x(1)*x(1) -0.00010·x(1)*x(1)*x(1)*x(1)*x(2) +0.00037·x(1)*x(1)*x(1)*x(2)*x(2) -0.00052·x(1)*x(1)*x(2)*x(2)*x(2) +0.00004·x(1)*x(2)*x(2)*x(2)*x(2) +0.00035·x(2)*x(2)*x(2)*x(2)*x(2)
dx(2)/dt = -1.20001·x(1) +0.55975·x(2) +0.00164·x(1)*x(1) +0.00307·x(1)*x(2) -0.00502·x(2)*x(2) +0.07689·x(1)*x(1)*x(1) -0.83337·x(1)*x(1)*x(2) -0.01662·x(1)*x(2)*x(2) +0.05835·x(2)*x(2)*x(2) +0.00005·x(1)*x(1)*x(1)*x(1) -0.00053·x(1)*x(1)*x(1)*x(2) -0.00132·x(1)*x(1)*x(2)*x(2) -0.00009·x(1)*x(2)*x(2)*x(2) +0.00047·x(2)*x(2)*x(2)*x(2) -0.00180·x(1)*x(1)*x(1)*x(1)*x(1) +0.02495·x(1)*x(1)*x(1)*x(1)*x(2) +0.00378·x(1)*x(1)*x(1)*x(2)*x(2) +0.00181·x(1)*x(1)*x(2)*x(2)*x(2) -0.00267·x(1)*x(2)*x(2)*x(2)*x(2) -0.00186·x(2)*x(2)*x(2)*x(2)*x(2)
