dx(1)/dt = 1.77173*x(2)*x(3)*x(4) + 1.55728*x(3)*x(3)*x(3) - 1.23366*x(2)*x(3)*x(3) + 1.00071*x(2) - 0.674886*x(1)*x(4)*x(4) - 0.471668*x(3)*x(3) - 0.343205*x(2)*x(2)*x(3) + 0.290146*x(3)*x(3)*x(4) + 0.255642*x(1)*x(4) + 0.23841*x(1)*x(3) + 0.183179*x(1)*x(2)*x(4) - 0.177002*x(2)*x(4) - 0.131604*x(2)*x(4)*x(4) - 0.0993693*x(1)*x(2)*x(3) + 0.0987161*x(1)*x(2)*x(2) - 0.0973308*x(1)*x(3)*x(4) - 0.0953973*x(1)*x(1)*x(2) + 0.0665729*x(1)*x(1)*x(3) - 0.0470991*x(4)*x(4) - 0.0431554*x(1)*x(1)*x(1) + 0.0231284*x(1)*x(1)*x(4) - 0.0176869*x(3) + 0.0101179*x(1) + 0.00993494*x(3)*x(4)*x(4) - 0.00761771*x(1)*x(3)*x(3) - 0.00710233*x(2)*x(2)*x(2) - 0.00565182*x(4) + 0.00165052*x(2)*x(2) + 0.00160309*x(2)*x(2)*x(4) - 0.000254958*x(1)*x(2)
dx(2)/dt = 136.783*x(3)*x(3)*x(3) - 110.31*x(2)*x(3)*x(4) - 97.5446*x(3)*x(3) + 46.8799*x(1)*x(4)*x(4) - 35.3101*x(3)*x(3)*x(4) + 33.0219*x(1)*x(3)*x(3) + 25.7886*x(3)*x(4)*x(4) - 20.1061*x(2)*x(3)*x(3) - 19.8794*x(1)*x(3) + 19.0732*x(1)*x(3)*x(4) + 16.855*x(3) + 11.4323*x(1)*x(1)*x(3) - 9.44396*x(4)*x(4) + 8.09825*x(1)*x(2)*x(3) + 6.16312*x(2)*x(4) - 5.4376*x(4)*x(4)*x(4) + 5.17728*x(2)*x(4)*x(4) - 5.16209*x(1)*x(2)*x(2) - 4.57285*x(2)*x(3) - 4.11292*x(1)*x(4) + 3.75487*x(1)*x(2)*x(4) - 3.14042*x(1)*x(1) + 1.52129*x(4) + 1.44092*x(1)*x(1)*x(2) - 1.43956*x(1)*x(1)*x(4) - 0.845358*x(1)*x(2) + 0.826893*x(3)*x(4) + 0.671718*x(1) + 0.655993*x(1)*x(1)*x(1) + 0.305273*x(2)*x(2)*x(4) + 0.177158*x(2) - 0.128741*x(2)*x(2)*x(2) - 0.113476*x(2)*x(2)*x(3) - 0.0922741*x(2)*x(2)
dx(3)/dt = -4.15451*x(3)*x(3)*x(4) - 3.92688*x(3)*x(3)*x(3) + 2.50065*x(3)*x(3) + 2.3147*x(3)*x(4) - 1.09933*x(3)*x(4)*x(4) + 0.724117*x(2)*x(3)*x(4) + 0.641081*x(4) - 0.473445*x(2)*x(2)*x(3) - 0.373604*x(1)*x(1)*x(4) - 0.32035*x(1)*x(4)*x(4) + 0.218524*x(1)*x(2)*x(4) - 0.203283*x(1)*x(1)*x(3) - 0.190479*x(3) + 0.183538*x(1)*x(2) + 0.0857344*x(1)*x(2)*x(3) - 0.068876*x(4)*x(4)*x(4) + 0.0675418*x(4)*x(4) - 0.0437336*x(1)*x(3) - 0.0271055*x(2)*x(2)*x(4) + 0.014995*x(1)*x(1) + 0.0144292*x(1)*x(1)*x(1) + 0.011339*x(2)*x(4)*x(4) + 0.00319046*x(1)*x(2)*x(2) - 0.00123546*x(1) - 0.00105002*x(2)
dx(4)/dt = 110.808*x(3)*x(3)*x(3) + 68.116*x(3)*x(3)*x(4) - 59.8054*x(3)*x(3) - 35.8021*x(3)*x(4) - 12.4202*x(2)*x(2)*x(3) + 9.94867*x(1)*x(2)*x(3) + 9.04464*x(4)*x(4) - 8.77678*x(3)*x(4)*x(4) + 7.07949*x(2)*x(3)*x(4) + 3.79453*x(3) + 3.11604*x(4)*x(4)*x(4) - 2.43499*x(1)*x(4)*x(4) + 2.36046*x(1)*x(3)*x(3) - 2.2856*x(1)*x(3)*x(4) + 2.12048*x(4) - 1.65061*x(2)*x(3)*x(3) + 1.32927*x(1)*x(1)*x(3) - 1.03352*x(2)*x(4)*x(4) + 0.776689*x(2)*x(3) - 0.766743*x(1)*x(2) + 0.542789*x(1)*x(3) - 0.511488*x(1)*x(1)*x(1) + 0.50914*x(2)*x(2) + 0.491415*x(1)*x(4) - 0.465156*x(2)*x(2)*x(4) + 0.408284*x(1)*x(2)*x(4) + 0.32449*x(1)*x(1)*x(4) - 0.220638*x(1)*x(1) - 0.20995*x(1)*x(2)*x(2) + 0.129115*x(1) + 0.116129*x(2)*x(4) - 0.0193752*x(2) + 0.0162464*x(2)*x(2)*x(2) - 0.00632114*x(1)*x(1)*x(2)
