dx(1)/dt = 2.4955*x(2) - 1.1746*x(1)*x(2)*x(2) - 0.916263*x(1) - 0.601348*x(1)*x(2) - 0.440474*x(1)*x(1)*x(2) - 0.4362*x(1)*x(1)*x(1) - 0.355517*x(2)*x(2)*x(2) - 0.249128*x(1)*x(1) - 0.0787953*x(2)*x(2) + 0.00492925*1
dx(2)/dt = -2.30135*x(1) - 2.02517*x(1)*x(2)*x(2) - 0.548182*x(1)*x(1)*x(1) - 0.365093*x(1)*x(1)*x(2) - 0.215837*x(2)*x(2) - 0.189888*x(2)*x(2)*x(2) - 0.127563*x(1)*x(2) + 0.070751*1 - 0.0645834*x(1)*x(1) + 0.0112772*x(2)
