dx(1)/dt = 11.57300*x(2) - 0.26044*x(2)*x(2) + 0.22686*x(1)*x(2)*x(2)
dx(2)/dt = -12.03481*x(1) - 0.52860*x(2) + 1.63654*x(1)*x(2) + 0.34796*x(2)*x(2) - 0.65286*x(1)*x(1)*x(2) + 0.23711*x(2)*x(2)*x(2) - 0.83545*x(1)*x(1)*x(1)*x(2) - 0.70113*x(1)*x(1)*x(2)*x(2) - 0.27202*x(1)*x(2)*x(2)*x(2)
