dx(1)/dt = -0.93816·x(1) +0.16827·x(2) +0.23714·x(1)*x(1) -0.67012·x(1)*x(2) -0.01049·x(2)*x(2)
dx(2)/dt = +1.03342·x(1) -0.49971·x(2) -0.25797·x(1)*x(1) +0.68403·x(1)*x(2) +0.01156·x(2)*x(2)
