batch_size: 1024
beta_align: 0.0005568161839867052
decayA_last_frac: 0.3
decayA_min_ratio: 0.2
depth: 6
dropout: 0.3
dt: 0.8
epochs_A: 190
epochs_B: 340
g_dim: 30
grad_clip: 1.0
lam_full: 1.630631424207035e-07
lam_g: 3.0945010569849436e-07
lam_phi: 3.0e-10
lrA: 0.002
lrB_end: 0.0003
lrB_start: 0.003
polyorder: 7
rollout_B: 16
width: 128
