dx(1)/dt = +1.06045*x(1) +2.69808*x(2) +0.00000*x(1)*x(1) -0.00291*x(1)*x(2) +0.00000*x(2)*x(2) -1.08837*x(1)*x(1)*x(1) +0.27340*x(1)*x(1)*x(2) -1.15860*x(1)*x(2)*x(2) +0.14946*x(2)*x(2)*x(2) +0.00000*x(1)*x(1)*x(1)*x(1) +0.00000*x(1)*x(1)*x(1)*x(2) -0.00486*x(1)*x(1)*x(2)*x(2) +0.00301*x(1)*x(2)*x(2)*x(2) +0.00173*x(2)*x(2)*x(2)*x(2) +0.02450*x(1)*x(1)*x(1)*x(1)*x(1) -0.08218*x(1)*x(1)*x(1)*x(1)*x(2) +0.18669*x(1)*x(1)*x(1)*x(2)*x(2) -0.16836*x(1)*x(1)*x(2)*x(2)*x(2) +0.06431*x(1)*x(2)*x(2)*x(2)*x(2) +0.00725*x(2)*x(2)*x(2)*x(2)*x(2)
dx(2)/dt = -2.70308*x(1) +1.07568*x(2) -0.00382*x(1)*x(1) +0.00000*x(1)*x(2) +0.00383*x(2)*x(2) -0.13890*x(1)*x(1)*x(1) -1.16657*x(1)*x(1)*x(2) -0.26870*x(1)*x(2)*x(2) -1.11494*x(2)*x(2)*x(2) +0.00349*x(1)*x(1)*x(1)*x(1) +0.00200*x(1)*x(1)*x(1)*x(2) +0.00329*x(1)*x(1)*x(2)*x(2) -0.00209*x(1)*x(2)*x(2)*x(2) -0.00394*x(2)*x(2)*x(2)*x(2) -0.01130*x(1)*x(1)*x(1)*x(1)*x(1) +0.05692*x(1)*x(1)*x(1)*x(1)*x(2) +0.15817*x(1)*x(1)*x(1)*x(2)*x(2) +0.19622*x(1)*x(1)*x(2)*x(2)*x(2) +0.08078*x(1)*x(2)*x(2)*x(2)*x(2) +0.03523*x(2)*x(2)*x(2)*x(2)*x(2)
