dx(1)/dt = -0.35121·x(1) +0.00000·x(2) -0.00000·x(1)*x(1) -11.90239·x(1)*x(2) +0.00000·x(2)*x(2)
dx(2)/dt = +0.35582·x(1) -9.41176·x(2) -2.23284·x(1)*x(1) +12.26943·x(1)*x(2) -0.00000·x(2)*x(2)
