batch_size: 1024
beta_align: 0.0010338876988429178
decayA_last_frac: 0.3
decayA_min_ratio: 0.2
depth: 3
dropout: 0.4
dt: 2.25
epochs_A: 130
epochs_B: 300
g_dim: 60
grad_clip: 1.0
lam_full: 1.786923633657432e-05
lam_g: 7.435882922013694e-07
lam_phi: 3.0e-10
lrA: 0.002
lrB_end: 0.0003
lrB_start: 0.003
polyorder: 2
rollout_B: 1
width: 192
