dx(1)/dt = +0.22545·x(1) -0.11081·x(2) -0.04484·x(1)*x(1) +0.15079·x(1)*x(2) +0.00706·x(2)*x(2) +0.49204·x(1)*x(1)*x(1) +2.09952·x(1)*x(1)*x(2) -4.09210·x(1)*x(2)*x(2) -1.42549·x(2)*x(2)*x(2) +0.41494·x(1)*x(1)*x(1)*x(1) -0.71692·x(1)*x(1)*x(1)*x(2) +0.10500·x(1)*x(1)*x(2)*x(2) -0.30723·x(1)*x(2)*x(2)*x(2) +0.07077·x(2)*x(2)*x(2)*x(2) -17.77801·x(1)*x(1)*x(1)*x(1)*x(1) -2.02656·x(1)*x(1)*x(1)*x(1)*x(2) +11.89532·x(1)*x(1)*x(1)*x(2)*x(2) -3.27317·x(1)*x(1)*x(2)*x(2)*x(2) -6.12754·x(1)*x(2)*x(2)*x(2)*x(2) +2.39179·x(2)*x(2)*x(2)*x(2)*x(2) -0.38383·x(1)*x(1)*x(1)*x(1)*x(1)*x(1) +0.47504·x(1)*x(1)*x(1)*x(1)*x(1)*x(2) -0.10483·x(1)*x(1)*x(1)*x(1)*x(2)*x(2) +0.48616·x(1)*x(1)*x(1)*x(2)*x(2)*x(2) -0.06121·x(1)*x(1)*x(2)*x(2)*x(2)*x(2) +0.17440·x(1)*x(2)*x(2)*x(2)*x(2)*x(2) -0.07921·x(2)*x(2)*x(2)*x(2)*x(2)*x(2) +14.50444·x(1)*x(1)*x(1)*x(1)*x(1)*x(1)*x(1) +0.23230·x(1)*x(1)*x(1)*x(1)*x(1)*x(1)*x(2) -5.01822·x(1)*x(1)*x(1)*x(1)*x(1)*x(2)*x(2) +2.58413·x(1)*x(1)*x(1)*x(1)*x(2)*x(2)*x(2) -0.73559·x(1)*x(1)*x(1)*x(2)*x(2)*x(2)*x(2) +0.54795·x(1)*x(1)*x(2)*x(2)*x(2)*x(2)*x(2) +5.72769·x(1)*x(2)*x(2)*x(2)*x(2)*x(2)*x(2) -1.00341·x(2)*x(2)*x(2)*x(2)*x(2)*x(2)*x(2)
dx(2)/dt = +0.10054·x(1) +0.25059·x(2) +0.02417·x(1)*x(1) +0.00305·x(1)*x(2) +0.12547·x(2)*x(2) +1.60002·x(1)*x(1)*x(1) -3.96372·x(1)*x(1)*x(2) -0.58384·x(1)*x(2)*x(2) -0.21104·x(2)*x(2)*x(2) -0.18085·x(1)*x(1)*x(1)*x(1) +0.34320·x(1)*x(1)*x(1)*x(2) -0.60404·x(1)*x(1)*x(2)*x(2) +0.00802·x(1)*x(2)*x(2)*x(2) -0.25955·x(2)*x(2)*x(2)*x(2) -3.26236·x(1)*x(1)*x(1)*x(1)*x(1) -5.29165·x(1)*x(1)*x(1)*x(1)*x(2) +2.43090·x(1)*x(1)*x(1)*x(2)*x(2) +10.75047·x(1)*x(1)*x(2)*x(2)*x(2) -0.84937·x(1)*x(2)*x(2)*x(2)*x(2) -15.85994·x(2)*x(2)*x(2)*x(2)*x(2) +0.21563·x(1)*x(1)*x(1)*x(1)*x(1)*x(1) -0.36786·x(1)*x(1)*x(1)*x(1)*x(1)*x(2) +0.16102·x(1)*x(1)*x(1)*x(1)*x(2)*x(2) +0.11930·x(1)*x(1)*x(1)*x(2)*x(2)*x(2) +0.73636·x(1)*x(1)*x(2)*x(2)*x(2)*x(2) -0.15039·x(1)*x(2)*x(2)*x(2)*x(2)*x(2) +0.12862·x(2)*x(2)*x(2)*x(2)*x(2)*x(2) +1.74686·x(1)*x(1)*x(1)*x(1)*x(1)*x(1)*x(1) +4.95513·x(1)*x(1)*x(1)*x(1)*x(1)*x(1)*x(2) -0.65634·x(1)*x(1)*x(1)*x(1)*x(1)*x(2)*x(2) -0.67064·x(1)*x(1)*x(1)*x(1)*x(2)*x(2)*x(2) -2.00580·x(1)*x(1)*x(1)*x(2)*x(2)*x(2)*x(2) -4.15643·x(1)*x(1)*x(2)*x(2)*x(2)*x(2)*x(2) +1.40635·x(1)*x(2)*x(2)*x(2)*x(2)*x(2)*x(2) +13.22367·x(2)*x(2)*x(2)*x(2)*x(2)*x(2)*x(2)
