dx(1)/dt = +0.04445*x(1) -0.54029*x(2) +0.08319*x(1)*x(1) +0.04635*x(1)*x(2) -0.14748*x(2)*x(2) +3.38925*x(1)*x(1)*x(1) +0.90617*x(1)*x(1)*x(2) +0.92250*x(1)*x(2)*x(2) +1.51168*x(2)*x(2)*x(2) -1.86093*x(1)*x(1)*x(1)*x(1) -2.49666*x(1)*x(1)*x(1)*x(2) +0.84443*x(1)*x(1)*x(2)*x(2) +3.92883*x(1)*x(2)*x(2)*x(2) +2.18223*x(2)*x(2)*x(2)*x(2) -17.83893*x(1)*x(1)*x(1)*x(1)*x(1) +14.67507*x(1)*x(1)*x(1)*x(1)*x(2) -44.46684*x(1)*x(1)*x(1)*x(2)*x(2) -19.63493*x(1)*x(1)*x(2)*x(2)*x(2) -19.39509*x(1)*x(2)*x(2)*x(2)*x(2) -12.26389*x(2)*x(2)*x(2)*x(2)*x(2) +8.66083*x(1)*x(1)*x(1)*x(1)*x(1)*x(1) +7.73567*x(1)*x(1)*x(1)*x(1)*x(1)*x(2) +2.57325*x(1)*x(1)*x(1)*x(1)*x(2)*x(2) -8.37055*x(1)*x(1)*x(1)*x(2)*x(2)*x(2) -0.73333*x(1)*x(1)*x(2)*x(2)*x(2)*x(2) -10.70016*x(1)*x(2)*x(2)*x(2)*x(2)*x(2) -7.91987*x(2)*x(2)*x(2)*x(2)*x(2)*x(2) +3.64648*x(1)*x(1)*x(1)*x(1)*x(1)*x(1)*x(1) -30.58277*x(1)*x(1)*x(1)*x(1)*x(1)*x(1)*x(2) +90.84956*x(1)*x(1)*x(1)*x(1)*x(1)*x(2)*x(2) +11.27997*x(1)*x(1)*x(1)*x(1)*x(2)*x(2)*x(2) +44.30005*x(1)*x(1)*x(1)*x(2)*x(2)*x(2)*x(2) +27.91282*x(1)*x(1)*x(2)*x(2)*x(2)*x(2)*x(2) +28.09549*x(1)*x(2)*x(2)*x(2)*x(2)*x(2)*x(2) +21.29638*x(2)*x(2)*x(2)*x(2)*x(2)*x(2)*x(2)
dx(2)/dt = +0.47967*x(1) +0.08489*x(2) +0.17661*x(1)*x(1) -0.15885*x(1)*x(2) -0.20089*x(2)*x(2) -0.20356*x(1)*x(1)*x(1) +0.21748*x(1)*x(1)*x(2) +1.31161*x(1)*x(2)*x(2) +2.43502*x(2)*x(2)*x(2) -2.89896*x(1)*x(1)*x(1)*x(1) -0.72013*x(1)*x(1)*x(1)*x(2) +4.47881*x(1)*x(1)*x(2)*x(2) +3.19921*x(1)*x(2)*x(2)*x(2) +3.16294*x(2)*x(2)*x(2)*x(2) +4.32202*x(1)*x(1)*x(1)*x(1)*x(1) -9.91910*x(1)*x(1)*x(1)*x(1)*x(2) +23.55128*x(1)*x(1)*x(1)*x(2)*x(2) -50.43747*x(1)*x(1)*x(2)*x(2)*x(2) -23.01671*x(1)*x(2)*x(2)*x(2)*x(2) -14.70594*x(2)*x(2)*x(2)*x(2)*x(2) +11.15898*x(1)*x(1)*x(1)*x(1)*x(1)*x(1) +6.31225*x(1)*x(1)*x(1)*x(1)*x(1)*x(2) -21.07539*x(1)*x(1)*x(1)*x(1)*x(2)*x(2) +0.62342*x(1)*x(1)*x(1)*x(2)*x(2)*x(2) -8.52807*x(1)*x(1)*x(2)*x(2)*x(2)*x(2) -8.58487*x(1)*x(2)*x(2)*x(2)*x(2)*x(2) -11.32357*x(2)*x(2)*x(2)*x(2)*x(2)*x(2) -7.35252*x(1)*x(1)*x(1)*x(1)*x(1)*x(1)*x(1) +8.61203*x(1)*x(1)*x(1)*x(1)*x(1)*x(1)*x(2) -36.68119*x(1)*x(1)*x(1)*x(1)*x(1)*x(2)*x(2) +54.91669*x(1)*x(1)*x(1)*x(1)*x(2)*x(2)*x(2) -16.52607*x(1)*x(1)*x(1)*x(2)*x(2)*x(2)*x(2) +91.92572*x(1)*x(1)*x(2)*x(2)*x(2)*x(2)*x(2) +42.05291*x(1)*x(2)*x(2)*x(2)*x(2)*x(2)*x(2) +2.61757*x(2)*x(2)*x(2)*x(2)*x(2)*x(2)*x(2)
