dx(1)/dt = -3.604921452932*x(1)*x(2)*x(2)*x(2).0 - 0.837439679852*x(1) - 887832.009938494*x(1)*x(1)*x(1)*x(1)*x(1).0*x(2)*x(2)*x(2).0*(-x(1))**5.0*(-x(2))**3.0 - 71.032598445784*x(1)*x(1)*x(1)*x(1)*x(1).0*x(2)*x(2)*x(2).0 - 1221.91760138636*x(1)*x(1)*x(1)*x(1)*x(1)*x(1).0*x(2)*x(2)*x(2).0 + 2.284975*x(2) - 2619.29663309189*x(2)*x(2)*x(2).0*(-x(1))**5.0*(-x(2))**3.0 - 0.209561543024*x(2)*x(2)*x(2).0 + 81.769843310832*(-x(1))**5.0*(-x(2))**3.0 - 0.003165856464
dx(2)/dt = -0.10784058996*x(1)*x(1) + 0.129481428216*x(1)*x(2) - 2.87500654815*x(1)*x(2)*x(2)*x(2).0 - 2.141233776312*x(1) - 1.110411*x(1)*x(1)*x(1).0 + 0.095589643928*x(2) - 0.90865704798*x(2)*x(2)*x(2).0 + 0.44304366249*x(2)*x(2)*x(2)*x(2).0 + 0.0606919065439999
