dx(1)/dt = 0.999988*x(2) - 0.00098531*x(1) - 0.00000326379*x(1)*x(1)*x(1) + 0.00000151173*x(1)*x(1)*x(2) - 0.000000979584*x(1)*x(2) - 0.000000473611*x(2)*x(2) + 0.000000429622*x(1)*x(2)*x(2) - 0.000000414436*x(1)*x(1) + 0.000000385722*x(2)*x(2)*x(2)
dx(2)/dt = 4.99997*x(1) - 0.999949*x(1)*x(1)*x(1) - 0.500097*x(2) - 0.0000760706*x(1)*x(1)*x(2) - 0.0000447333*x(1)*x(2)*x(2) + 0.0000386993*x(1)*x(1) - 0.000031307*x(2)*x(2)*x(2) + 0.000011465*x(1)*x(2) + 0.00000380435*x(2)*x(2)
 