dx0/dt = -0.949979*x0 + 2.284975*x1 - (11.592431*x0 + 8422.934004*(-x0)**5.0*(-x1)**3.0 + 0.673892)*(105.406502*x0**5.0*x1**3.0 + 0.310972*x1**3.0 - 0.009708) - 0.009708
dx1/dt = 0.112863*x0*x1 - 1.110411*x0**3.0 - 0.229126*x1 + (-0.114645*x0 + 0.017667*x1 - 0.036234)*(0.940648*x0 + 25.07747*x1**3.0 + 18.379784) + 0.726665
