dx(1)/dt = -0.84579*x(1) + 2.21553*x(2) - 0.15303*x(1)*x(1) - 0.65792*x(1)*x(2) + 0.10926*x(2)*x(2) + 0.23173*x(1)*x(1)*x(1) - 3.15866*x(1)*x(2)*x(2) + 1.29061*x(2)*x(2)*x(2)
dx(2)/dt = 0.06380*1 - 2.22212*x(1) + 0.14710*x(2) - 0.40796*x(1)*x(1) + 0.03939*x(1)*x(2) - 0.07382*x(2)*x(2) + 0.73590*x(1)*x(1)*x(1) - 3.68540*x(1)*x(1)*x(2) - 1.47213*x(1)*x(2)*x(2) - 1.06495*x(2)*x(2)*x(2)
