dx(1)/dt = -8.37669·x(1) +18.46194·x(2) +10.04593·x(1)*x(1) -69.35946·x(1)*x(2) -46.02349·x(2)*x(2) +93.34238·x(1)*x(1)*x(1) -110.05955·x(1)*x(1)*x(2) +76.29640·x(1)*x(2)*x(2) -22.55947·x(2)*x(2)*x(2) +0.04058·x(1)*x(1)*x(1)*x(1) +137.68826·x(1)*x(1)*x(1)*x(2) +223.80774·x(1)*x(1)*x(2)*x(2) +257.57992·x(1)*x(2)*x(2)*x(2) +163.23282·x(2)*x(2)*x(2)*x(2)
dx(2)/dt = +11.31810·x(1) -6.94019·x(2) +0.76490·x(1)*x(1) -33.15318·x(1)*x(2) -10.31400·x(2)*x(2) -260.67812·x(1)*x(1)*x(1) +35.00608·x(1)*x(1)*x(2) +20.63531·x(1)*x(2)*x(2) +98.12919·x(2)*x(2)*x(2) -222.18269·x(1)*x(1)*x(1)*x(1) +189.24741·x(1)*x(1)*x(1)*x(2) +287.77923·x(1)*x(1)*x(2)*x(2) +131.25481·x(1)*x(2)*x(2)*x(2) -21.15226·x(2)*x(2)*x(2)*x(2)
