dx(1)/dt = +0.21765·x(1) -0.43924·x(2) -0.04835·x(1)*x(1) +0.15037·x(1)*x(2) +0.01737·x(2)*x(2) +1.73759·x(1)*x(1)*x(1) +1.39338·x(1)*x(1)*x(2) -6.49922·x(1)*x(2)*x(2) -1.49652·x(2)*x(2)*x(2) +0.44065·x(1)*x(1)*x(1)*x(1) -0.92496·x(1)*x(1)*x(1)*x(2) +0.09740·x(1)*x(1)*x(2)*x(2) -0.13945·x(1)*x(2)*x(2)*x(2) +0.10294·x(2)*x(2)*x(2)*x(2) -18.28677·x(1)*x(1)*x(1)*x(1)*x(1) +0.08376·x(1)*x(1)*x(1)*x(1)*x(2) +8.21105·x(1)*x(1)*x(1)*x(2)*x(2) -3.31963·x(1)*x(1)*x(2)*x(2)*x(2) +0.08831·x(1)*x(2)*x(2)*x(2)*x(2) +1.01146·x(2)*x(2)*x(2)*x(2)*x(2) -0.43666·x(1)*x(1)*x(1)*x(1)*x(1)*x(1) +0.62438·x(1)*x(1)*x(1)*x(1)*x(1)*x(2) -0.00000·x(1)*x(1)*x(1)*x(1)*x(2)*x(2) +0.42707·x(1)*x(1)*x(1)*x(2)*x(2)*x(2) -0.14357·x(1)*x(1)*x(2)*x(2)*x(2)*x(2) +0.13032·x(1)*x(2)*x(2)*x(2)*x(2)*x(2) -0.13268·x(2)*x(2)*x(2)*x(2)*x(2)*x(2) +13.36804·x(1)*x(1)*x(1)*x(1)*x(1)*x(1)*x(1) -1.45528·x(1)*x(1)*x(1)*x(1)*x(1)*x(1)*x(2) -0.09729·x(1)*x(1)*x(1)*x(1)*x(1)*x(2)*x(2) +3.02065·x(1)*x(1)*x(1)*x(1)*x(2)*x(2)*x(2) -2.22714·x(1)*x(1)*x(1)*x(2)*x(2)*x(2)*x(2) +0.60373·x(1)*x(1)*x(2)*x(2)*x(2)*x(2)*x(2) +2.45667·x(1)*x(2)*x(2)*x(2)*x(2)*x(2)*x(2) +0.33217·x(2)*x(2)*x(2)*x(2)*x(2)*x(2)*x(2)
dx(2)/dt = +0.42804·x(1) +0.25313·x(2) +0.04008·x(1)*x(1) +0.00929·x(1)*x(2) +0.12414·x(2)*x(2) +1.68110·x(1)*x(1)*x(1) -6.54004·x(1)*x(1)*x(2) -0.11381·x(1)*x(2)*x(2) +0.72827·x(2)*x(2)*x(2) -0.25606·x(1)*x(1)*x(1)*x(1) +0.33052·x(1)*x(1)*x(1)*x(2) -0.64301·x(1)*x(1)*x(2)*x(2) +0.07732·x(1)*x(2)*x(2)*x(2) -0.30337·x(2)*x(2)*x(2)*x(2) -1.92414·x(1)*x(1)*x(1)*x(1)*x(1) +1.81016·x(1)*x(1)*x(1)*x(1)*x(2) +2.77463·x(1)*x(1)*x(1)*x(2)*x(2) +6.20757·x(1)*x(1)*x(2)*x(2)*x(2) -2.30274·x(1)*x(2)*x(2)*x(2)*x(2) -15.13061·x(2)*x(2)*x(2)*x(2)*x(2) +0.24795·x(1)*x(1)*x(1)*x(1)*x(1)*x(1) -0.32971·x(1)*x(1)*x(1)*x(1)*x(1)*x(2) +0.22278·x(1)*x(1)*x(1)*x(1)*x(2)*x(2) -0.08871·x(1)*x(1)*x(1)*x(2)*x(2)*x(2) +0.81761·x(1)*x(1)*x(2)*x(2)*x(2)*x(2) -0.07862·x(1)*x(2)*x(2)*x(2)*x(2)*x(2) +0.16224·x(2)*x(2)*x(2)*x(2)*x(2)*x(2) +0.44026·x(1)*x(1)*x(1)*x(1)*x(1)*x(1)*x(1) +0.98572·x(1)*x(1)*x(1)*x(1)*x(1)*x(1)*x(2) -0.90109·x(1)*x(1)*x(1)*x(1)*x(1)*x(2)*x(2) -1.63518·x(1)*x(1)*x(1)*x(1)*x(2)*x(2)*x(2) -2.45741·x(1)*x(1)*x(1)*x(2)*x(2)*x(2)*x(2) +1.06501·x(1)*x(1)*x(2)*x(2)*x(2)*x(2)*x(2) +2.53583·x(1)*x(2)*x(2)*x(2)*x(2)*x(2)*x(2) +11.16944·x(2)*x(2)*x(2)*x(2)*x(2)*x(2)*x(2)
