dx(1)/dt = +0.08366*x(1) -0.91246*x(2) +0.12832*x(1)*x(1) -0.02713*x(1)*x(2) -0.15536*x(2)*x(2) +1.09993*x(1)*x(1)*x(1) +0.06192*x(1)*x(1)*x(2) +1.62589*x(1)*x(2)*x(2) +1.44195*x(2)*x(2)*x(2) -3.08004*x(1)*x(1)*x(1)*x(1) -0.64650*x(1)*x(1)*x(1)*x(2) +3.32441*x(1)*x(1)*x(2)*x(2) +3.32995*x(1)*x(2)*x(2)*x(2) +1.85757*x(2)*x(2)*x(2)*x(2) +0.16668*x(1)*x(1)*x(1)*x(1)*x(1) +0.96029*x(1)*x(1)*x(1)*x(1)*x(2) -60.21621*x(1)*x(1)*x(1)*x(2)*x(2) -10.70926*x(1)*x(1)*x(2)*x(2)*x(2) -13.80860*x(1)*x(2)*x(2)*x(2)*x(2) -10.29420*x(2)*x(2)*x(2)*x(2)*x(2) +12.63402*x(1)*x(1)*x(1)*x(1)*x(1)*x(1) +0.03852*x(1)*x(1)*x(1)*x(1)*x(1)*x(2) +0.96136*x(1)*x(1)*x(1)*x(1)*x(2)*x(2) -3.49540*x(1)*x(1)*x(1)*x(2)*x(2)*x(2) -9.99065*x(1)*x(1)*x(2)*x(2)*x(2)*x(2) -10.82567*x(1)*x(2)*x(2)*x(2)*x(2)*x(2) -6.17248*x(2)*x(2)*x(2)*x(2)*x(2)*x(2) -26.60457*x(1)*x(1)*x(1)*x(1)*x(1)*x(1)*x(1) -1.17025*x(1)*x(1)*x(1)*x(1)*x(1)*x(1)*x(2) +103.56465*x(1)*x(1)*x(1)*x(1)*x(1)*x(2)*x(2) +4.46698*x(1)*x(1)*x(1)*x(1)*x(2)*x(2)*x(2) +62.93276*x(1)*x(1)*x(1)*x(2)*x(2)*x(2)*x(2) +23.34607*x(1)*x(1)*x(2)*x(2)*x(2)*x(2)*x(2) +14.46827*x(1)*x(2)*x(2)*x(2)*x(2)*x(2)*x(2) +14.26305*x(2)*x(2)*x(2)*x(2)*x(2)*x(2)*x(2)
dx(2)/dt = +0.89326*x(1) +0.10958*x(2) +0.11224*x(1)*x(1) -0.21474*x(1)*x(2) -0.13645*x(2)*x(2) -0.93047*x(1)*x(1)*x(1) +0.58473*x(1)*x(1)*x(2) +0.96910*x(1)*x(2)*x(2) +0.74566*x(2)*x(2)*x(2) -1.87743*x(1)*x(1)*x(1)*x(1) +0.39547*x(1)*x(1)*x(1)*x(2) +4.31296*x(1)*x(1)*x(2)*x(2) +3.06106*x(1)*x(2)*x(2)*x(2) +1.74974*x(2)*x(2)*x(2)*x(2) +6.69277*x(1)*x(1)*x(1)*x(1)*x(1) -1.79265*x(1)*x(1)*x(1)*x(1)*x(2) +12.71015*x(1)*x(1)*x(1)*x(2)*x(2) -66.81436*x(1)*x(1)*x(2)*x(2)*x(2) -3.15476*x(1)*x(2)*x(2)*x(2)*x(2) -0.15778*x(2)*x(2)*x(2)*x(2)*x(2) +7.24552*x(1)*x(1)*x(1)*x(1)*x(1)*x(1) +1.70408*x(1)*x(1)*x(1)*x(1)*x(1)*x(2) -19.61109*x(1)*x(1)*x(1)*x(1)*x(2)*x(2) +4.17645*x(1)*x(1)*x(1)*x(2)*x(2)*x(2) -8.48435*x(1)*x(1)*x(2)*x(2)*x(2)*x(2) -9.52335*x(1)*x(2)*x(2)*x(2)*x(2)*x(2) -5.93552*x(2)*x(2)*x(2)*x(2)*x(2)*x(2) -7.04063*x(1)*x(1)*x(1)*x(1)*x(1)*x(1)*x(1) -10.06642*x(1)*x(1)*x(1)*x(1)*x(1)*x(1)*x(2) -27.82916*x(1)*x(1)*x(1)*x(1)*x(1)*x(2)*x(2) +77.54828*x(1)*x(1)*x(1)*x(1)*x(2)*x(2)*x(2) -11.96372*x(1)*x(1)*x(1)*x(2)*x(2)*x(2)*x(2) +102.17670*x(1)*x(1)*x(2)*x(2)*x(2)*x(2)*x(2) +4.84316*x(1)*x(2)*x(2)*x(2)*x(2)*x(2)*x(2) -21.02906*x(2)*x(2)*x(2)*x(2)*x(2)*x(2)*x(2)
