dx(1)/dt = -7.23018·x(1) +5.92813·x(2) +0.43612·x(1)*x(1) -1.01166·x(1)*x(2) -0.36471·x(2)*x(2) +19.74865·x(1)*x(1)*x(1) -9.97053·x(1)*x(1)*x(2) +19.28761·x(1)*x(2)*x(2) -12.61952·x(2)*x(2)*x(2) -2.04046·x(1)*x(1)*x(1)*x(1) +2.64948·x(1)*x(1)*x(1)*x(2) +0.37952·x(1)*x(1)*x(2)*x(2) +3.17247·x(1)*x(2)*x(2)*x(2) +0.26564·x(2)*x(2)*x(2)*x(2) -15.39609·x(1)*x(1)*x(1)*x(1)*x(1) +6.30925·x(1)*x(1)*x(1)*x(1)*x(2) -37.58101·x(1)*x(1)*x(1)*x(2)*x(2) +19.47165·x(1)*x(1)*x(2)*x(2)*x(2) -14.82093·x(1)*x(2)*x(2)*x(2)*x(2) +11.01855·x(2)*x(2)*x(2)*x(2)*x(2)
dx(2)/dt = -6.24352·x(1) -6.92434·x(2) -1.20866·x(1)*x(1) -1.65327·x(1)*x(2) +0.24381·x(2)*x(2) +12.60431·x(1)*x(1)*x(1) +19.97020·x(1)*x(1)*x(2) +12.80596·x(1)*x(2)*x(2) +18.01975·x(2)*x(2)*x(2) +3.93068·x(1)*x(1)*x(1)*x(1) +5.20515·x(1)*x(1)*x(1)*x(2) +1.42154·x(1)*x(1)*x(2)*x(2) +2.85058·x(1)*x(2)*x(2)*x(2) +0.26898·x(2)*x(2)*x(2)*x(2) -9.90943·x(1)*x(1)*x(1)*x(1)*x(1) -15.80827·x(1)*x(1)*x(1)*x(1)*x(2) -23.76411·x(1)*x(1)*x(1)*x(2)*x(2) -38.50891·x(1)*x(1)*x(2)*x(2)*x(2) -10.11793·x(1)*x(2)*x(2)*x(2)*x(2) -12.51127·x(2)*x(2)*x(2)*x(2)*x(2)
