dx(1)/dt = -0.00001·x(1) +0.99998·x(2) -0.00000·x(1)*x(1) +0.00002·x(1)*x(2) -0.00001·x(2)*x(2) +0.00002·x(1)*x(1)*x(1) +0.00032·x(1)*x(1)*x(2) -0.00018·x(1)*x(2)*x(2) -0.00003·x(2)*x(2)*x(2) -0.00000·x(1)*x(1)*x(1)*x(1) -0.00000·x(1)*x(1)*x(1)*x(2) +0.00001·x(1)*x(1)*x(2)*x(2) -0.00001·x(1)*x(2)*x(2)*x(2) +0.00000·x(2)*x(2)*x(2)*x(2) -0.00000·x(1)*x(1)*x(1)*x(1)*x(1) +0.00001·x(1)*x(1)*x(1)*x(1)*x(2) +0.00025·x(1)*x(1)*x(1)*x(2)*x(2) -0.00021·x(1)*x(1)*x(2)*x(2)*x(2) -0.00005·x(1)*x(2)*x(2)*x(2)*x(2) +0.00002·x(2)*x(2)*x(2)*x(2)*x(2)
dx(2)/dt = -1.00299·x(1) +1.00117·x(2) +0.00004·x(1)*x(1) +0.00002·x(1)*x(2) -0.00018·x(2)*x(2) -0.00043·x(1)*x(1)*x(1) -1.00227·x(1)*x(1)*x(2) +0.01018·x(1)*x(2)*x(2) -0.00320·x(2)*x(2)*x(2) -0.00000·x(1)*x(1)*x(1)*x(1) +0.00004·x(1)*x(1)*x(1)*x(2) +0.00004·x(1)*x(1)*x(2)*x(2) -0.00010·x(1)*x(2)*x(2)*x(2) +0.00005·x(2)*x(2)*x(2)*x(2) -0.00000·x(1)*x(1)*x(1)*x(1)*x(1) -0.00046·x(1)*x(1)*x(1)*x(1)*x(2) -0.00043·x(1)*x(1)*x(1)*x(2)*x(2) +0.00623·x(1)*x(1)*x(2)*x(2)*x(2) -0.00408·x(1)*x(2)*x(2)*x(2)*x(2) +0.00052·x(2)*x(2)*x(2)*x(2)*x(2)
