dx(1)/dt = -2.25643*x(1) + 0.26458*x(1)*x(1) - 0.05809*x(1)*x(2)
dx(2)/dt = 4.97752*x(1) - 0.30083*x(2) - 0.59010*x(1)*x(1) - 0.31973*x(1)*x(2) - 0.00887*x(2)*x(2)
