dx(1)/dt = 1.00097*x(2) + 0.00510368*x(1) - 0.00103847*x(1)*x(1)*x(1) - 0.000486597*x(2)*x(2) - 0.000328329*x(1)*x(1)*x(2) + 0.000268576*x(1)*x(1) - 4.51566e-05*x(1)*x(2)*x(2) + 2.48599e-05*x(1)*x(2) + 2.90987e-06*x(2)*x(2)*x(2)
dx(2)/dt = 5.00169*x(1) - 1.00125*x(1)*x(1)*x(1) - 0.50258*x(2) - 0.00463617*x(1)*x(2) + 0.00455431*x(1)*x(1)*x(2) + 0.00243473*x(1)*x(2)*x(2) + 0.00105739*x(2)*x(2)*x(2) - 0.000354409*x(1)*x(1) + 3.25918e-05*x(2)*x(2)
