dx(1)/dt = 2.99837*x(2) - 1.0003*x(1)*x(2)*x(2) - 0.997587*x(1)*x(1)*x(1) + 0.98981*x(1) + 0.0162412*x(1)*x(1)*x(1)*x(2)*x(2) + 0.0128936*x(1)*x(2)*x(2)*x(2)*x(2) + 0.0101818*x(1)*x(1)*x(2) - 0.00962009*x(1)*x(1)*x(1)*x(1)*x(2) + 0.00758748*x(1)*x(1)*x(1)*x(1)*x(1) + 0.00365365*x(2)*x(2)*x(2)*x(2)*x(2) - 0.00234795*x(2)*x(2)*x(2) - 0.00193846*x(1)*x(1)*x(2)*x(2)*x(2)
dx(2)/dt = -3.00408*x(1) - 0.991595*x(1)*x(1)*x(2) + 0.980087*x(2) - 0.978351*x(2)*x(2)*x(2) + 0.0125048*x(1)*x(1)*x(1)*x(1)*x(2) + 0.0103177*x(1)*x(1)*x(2)*x(2)*x(2) + 0.00645903*x(1)*x(1)*x(1) + 0.00354199*x(1)*x(2)*x(2)*x(2)*x(2) + 0.00352973*x(1)*x(2)*x(2)*x(2) - 0.00325317*x(1)*x(2) + 0.00301448*x(1)*x(1)*x(1)*x(2) - 0.00216932*x(1)*x(1)*x(1)*x(2)*x(2)
