dx(1)/dt = -0.813425*x(1) - 0.359856*x(1)*x(2) + 0.0700708*x(2) + 0.0610289*x(1)*x(1) - 0.00437325*x(2)*x(2)
dx(2)/dt = -0.436824*x(1) - 0.345413*x(2) + 0.335976*x(1)*x(1) + 0.196385*x(1)*x(2) + 0.00253313*x(2)*x(2)
