dx(1)/dt = +0.00373·1 -1.05598·x(1) +2.19667·x(2) -0.00000·x(1)*x(1) -0.00000·x(1)*x(2) -0.00000·x(2)*x(2) -15.39228·x(1)*x(1)*x(1) -0.00000·x(1)*x(1)*x(2) +40.13760·x(1)*x(2)*x(2) -0.00000·x(2)*x(2)*x(2)
dx(2)/dt = +0.07678·1 -2.64352·x(1) -0.00000·x(2) +1.13157·x(1)*x(1) -0.00000·x(1)*x(2) -2.29881·x(2)*x(2) -12.53519·x(1)*x(1)*x(1) -0.00000·x(1)*x(1)*x(2) +50.35192·x(1)*x(2)*x(2) -0.00000·x(2)*x(2)*x(2)
