dx(1)/dt = 1.00085*x(2) - 0.000401644*x(1)*x(1)*x(2) - 0.000131046*x(1)*x(1)*x(1) - 0.000101647*x(2)*x(2)*x(2) - 0.0000912703*x(1)*x(2)*x(2) + 0.0000705222*x(1)*x(2) + 0.0000674717*x(1) + 0.0000535397*x(1)*x(1)*x(2)*x(2) - 0.0000357899*x(1)*x(2)*x(2)*x(2) + 0.0000310129*x(1)*x(1)*x(1)*x(1)*x(2) + 0.0000276772*x(1)*x(1) + 0.0000264839*x(1)*x(1)*x(1)*x(2)
dx(2)/dt = -1.00123*x(1) - 0.992047*x(1)*x(1)*x(2) + 0.983954*x(2) - 0.00282431*x(1)*x(2) - 0.00256035*x(1)*x(2)*x(2) + 0.00170258*x(2)*x(2) - 0.00156959*x(1)*x(1)*x(2)*x(2) + 0.00151181*x(2)*x(2)*x(2) + 0.000881163*x(1)*x(2)*x(2)*x(2) + 0.000786827*x(1)*x(1)*x(1) - 0.000540852*x(1)*x(1) + 0.000498244*x(1)*x(2)*x(2)*x(2)*x(2)
