dx(1)/dt = +3.21610·x(1) -11.92865·x(2) +0.03556·x(1)*x(1) -0.03038·x(1)*x(2) -0.01365·x(2)*x(2) -5.32602·x(1)*x(1)*x(1) +9.07907·x(1)*x(1)*x(2) -5.81011·x(1)*x(2)*x(2) +7.97848·x(2)*x(2)*x(2) -0.03556·x(1)*x(1)*x(1)*x(1) +0.03038·x(1)*x(1)*x(1)*x(2) -0.02191·x(1)*x(1)*x(2)*x(2) +0.03038·x(1)*x(2)*x(2)*x(2) +0.01365·x(2)*x(2)*x(2)*x(2) +0.00000·x(1)*x(1)*x(1)*x(1)*x(1) -4.17432·x(1)*x(1)*x(1)*x(1)*x(2) +0.00000·x(1)*x(1)*x(1)*x(2)*x(2) -7.08126·x(1)*x(1)*x(2)*x(2)*x(2) +0.00000·x(1)*x(2)*x(2)*x(2)*x(2) -3.01821·x(2)*x(2)*x(2)*x(2)*x(2)
dx(2)/dt = +14.48588·x(1) +0.00000·x(2) +0.00139·x(1)*x(1) +0.03452·x(1)*x(2) -0.00153·x(2)*x(2) -12.60724·x(1)*x(1)*x(1) -0.00000·x(1)*x(1)*x(2) -12.98397·x(1)*x(2)*x(2) -3.48021·x(2)*x(2)*x(2) -0.00139·x(1)*x(1)*x(1)*x(1) -0.03452·x(1)*x(1)*x(1)*x(2) +0.00014·x(1)*x(1)*x(2)*x(2) -0.03452·x(1)*x(2)*x(2)*x(2) +0.00153·x(2)*x(2)*x(2)*x(2) +5.07907·x(1)*x(1)*x(1)*x(1)*x(1) -0.00000·x(1)*x(1)*x(1)*x(1)*x(2) +10.44321·x(1)*x(1)*x(1)*x(2)*x(2) +0.00000·x(1)*x(1)*x(2)*x(2)*x(2) +5.48254·x(1)*x(2)*x(2)*x(2)*x(2) +1.92789·x(2)*x(2)*x(2)*x(2)*x(2)
