dx(1)/dt = +1.19098·x(1) +4.10004·x(2) -0.01988·x(1)*x(1) -0.00486·x(1)*x(2) +0.01578·x(2)*x(2) -1.76618·x(1)*x(1)*x(1) -1.44658·x(1)*x(1)*x(2) -1.73689·x(1)*x(2)*x(2) -1.45185·x(2)*x(2)*x(2) +0.02240·x(1)*x(1)*x(1)*x(1) +0.00958·x(1)*x(1)*x(1)*x(2) -0.01143·x(1)*x(1)*x(2)*x(2) +0.00000·x(1)*x(2)*x(2)*x(2) -0.01312·x(2)*x(2)*x(2)*x(2) +0.57489·x(1)*x(1)*x(1)*x(1)*x(1) +0.59391·x(1)*x(1)*x(1)*x(1)*x(2) +1.12049·x(1)*x(1)*x(1)*x(2)*x(2) +1.19308·x(1)*x(1)*x(2)*x(2)*x(2) +0.54560·x(1)*x(2)*x(2)*x(2)*x(2) +0.59917·x(2)*x(2)*x(2)*x(2)*x(2)
dx(2)/dt = -4.18218·x(1) +0.99587·x(2) -0.00315·x(1)*x(1) +0.00406·x(1)*x(2) +0.00293·x(2)*x(2) +1.65977·x(1)*x(1)*x(1) -1.42620·x(1)*x(1)*x(2) +1.63742·x(1)*x(2)*x(2) -1.41139·x(2)*x(2)*x(2) -0.02899·x(1)*x(1)*x(1)*x(1) +0.07758·x(1)*x(1)*x(1)*x(2) +0.19308·x(1)*x(1)*x(2)*x(2) -0.08558·x(1)*x(2)*x(2)*x(2) -0.03507·x(2)*x(2)*x(2)*x(2) -0.72419·x(1)*x(1)*x(1)*x(1)*x(1) +0.42957·x(1)*x(1)*x(1)*x(1)*x(2) -1.42602·x(1)*x(1)*x(1)*x(2)*x(2) +0.84435·x(1)*x(1)*x(2)*x(2)*x(2) -0.70183·x(1)*x(2)*x(2)*x(2)*x(2) +0.41478·x(2)*x(2)*x(2)*x(2)*x(2)
