dx(1)/dt = +0.04041*x(1) +1.08926*x(2) +0.00023*x(1)*x(1) -0.00045*x(1)*x(2) -0.00089*x(2)*x(2) -0.00542*x(1)*x(1)*x(1) -0.03208*x(1)*x(1)*x(2) -0.01970*x(1)*x(2)*x(2) -0.01737*x(2)*x(2)*x(2) -0.00003*x(1)*x(1)*x(1)*x(1) +0.00002*x(1)*x(1)*x(1)*x(2) +0.00020*x(1)*x(1)*x(2)*x(2) +0.00013*x(1)*x(2)*x(2)*x(2) -0.00004*x(2)*x(2)*x(2)*x(2) +0.00009*x(1)*x(1)*x(1)*x(1)*x(1) +0.00022*x(1)*x(1)*x(1)*x(1)*x(2) +0.00106*x(1)*x(1)*x(1)*x(2)*x(2) -0.00076*x(1)*x(1)*x(2)*x(2)*x(2) -0.00008*x(1)*x(2)*x(2)*x(2)*x(2) +0.00054*x(2)*x(2)*x(2)*x(2)*x(2)
dx(2)/dt = -1.19612*x(1) +0.48825*x(2) +0.00034*x(1)*x(1) +0.00309*x(1)*x(2) -0.00091*x(2)*x(2) +0.09338*x(1)*x(1)*x(1) -0.68290*x(1)*x(1)*x(2) -0.02254*x(1)*x(2)*x(2) +0.04314*x(2)*x(2)*x(2) +0.00012*x(1)*x(1)*x(1)*x(1) -0.00067*x(1)*x(1)*x(1)*x(2) -0.00120*x(1)*x(1)*x(2)*x(2) +0.00007*x(1)*x(2)*x(2)*x(2) +0.00001*x(2)*x(2)*x(2)*x(2) -0.00248*x(1)*x(1)*x(1)*x(1)*x(1) +0.02092*x(1)*x(1)*x(1)*x(1)*x(2) +0.00438*x(1)*x(1)*x(1)*x(2)*x(2) +0.00192*x(1)*x(1)*x(2)*x(2)*x(2) -0.00283*x(1)*x(2)*x(2)*x(2)*x(2) -0.00135*x(2)*x(2)*x(2)*x(2)*x(2)
