batch_size: 1024
beta_align: 0.0032960699240412806
decayA_last_frac: 0.3
decayA_min_ratio: 0.2
depth: 3
dropout: 0.35000000000000003
dt: 2
epochs_A: 110
epochs_B: 220
g_dim: 63
grad_clip: 1.0
lam_full: 1.2214376093088238e-06
lam_g: 3.1782165720941497e-07
lam_phi: 3.0e-10
lrA: 0.002
lrB_end: 0.0003
lrB_start: 0.003
polyorder: 1
rollout_B: 2
width: 64
