dx(1)/dt = -0.01644·x(1) -2.86020·x(2) -0.00000·x(1)*x(1) +0.00559·x(1)*x(2) +0.00568·x(2)*x(2) -0.57687·x(1)*x(1)*x(1) +0.03503·x(1)*x(1)*x(2) -0.49645·x(1)*x(2)*x(2) +0.31194·x(2)*x(2)*x(2) -0.00000·x(1)*x(1)*x(1)*x(1) -0.01532·x(1)*x(1)*x(1)*x(2) -0.02672·x(1)*x(1)*x(2)*x(2) -0.01980·x(1)*x(2)*x(2)*x(2) -0.01984·x(2)*x(2)*x(2)*x(2) -0.77487·x(1)*x(1)*x(1)*x(1)*x(1) -0.39333·x(1)*x(1)*x(1)*x(1)*x(2) -2.20831·x(1)*x(1)*x(1)*x(2)*x(2) -0.86546·x(1)*x(1)*x(2)*x(2)*x(2) -1.03158·x(1)*x(2)*x(2)*x(2)*x(2) -1.19931·x(2)*x(2)*x(2)*x(2)*x(2) +0.01787·x(1)*x(1)*x(1)*x(1)*x(1)*x(1) -0.00000·x(1)*x(1)*x(1)*x(1)*x(1)*x(2) -0.06677·x(1)*x(1)*x(1)*x(1)*x(2)*x(2) +0.01444·x(1)*x(1)*x(1)*x(2)*x(2)*x(2) +0.09903·x(1)*x(1)*x(2)*x(2)*x(2)*x(2) +0.03212·x(1)*x(2)*x(2)*x(2)*x(2)*x(2) +0.01488·x(2)*x(2)*x(2)*x(2)*x(2)*x(2) +0.29390·x(1)*x(1)*x(1)*x(1)*x(1)*x(1)*x(1) -0.09708·x(1)*x(1)*x(1)*x(1)*x(1)*x(1)*x(2) +1.35313·x(1)*x(1)*x(1)*x(1)*x(1)*x(2)*x(2) +1.44550·x(1)*x(1)*x(1)*x(1)*x(2)*x(2)*x(2) +1.32517·x(1)*x(1)*x(1)*x(2)*x(2)*x(2)*x(2) +0.36519·x(1)*x(1)*x(2)*x(2)*x(2)*x(2)*x(2) +0.45622·x(1)*x(2)*x(2)*x(2)*x(2)*x(2)*x(2) +0.78188·x(2)*x(2)*x(2)*x(2)*x(2)*x(2)*x(2)
dx(2)/dt = +2.86423·x(1) -0.01371·x(2) +0.00359·x(1)*x(1) -0.02427·x(1)*x(2) +0.00949·x(2)*x(2) -0.36802·x(1)*x(1)*x(1) -0.54717·x(1)*x(1)*x(2) -0.02206·x(1)*x(2)*x(2) -0.62774·x(2)*x(2)*x(2) -0.01410·x(1)*x(1)*x(1)*x(1) +0.10912·x(1)*x(1)*x(1)*x(2) -0.11319·x(1)*x(1)*x(2)*x(2) +0.11849·x(1)*x(2)*x(2)*x(2) -0.04022·x(2)*x(2)*x(2)*x(2) +1.38348·x(1)*x(1)*x(1)*x(1)*x(1) -0.76348·x(1)*x(1)*x(1)*x(1)*x(2) +0.76775·x(1)*x(1)*x(1)*x(2)*x(2) -2.45085·x(1)*x(1)*x(2)*x(2)*x(2) +0.38838·x(1)*x(2)*x(2)*x(2)*x(2) -0.54003·x(2)*x(2)*x(2)*x(2)*x(2) +0.00000·x(1)*x(1)*x(1)*x(1)*x(1)*x(1) -0.10371·x(1)*x(1)*x(1)*x(1)*x(1)*x(2) +0.14396·x(1)*x(1)*x(1)*x(1)*x(2)*x(2) -0.02719·x(1)*x(1)*x(1)*x(2)*x(2)*x(2) +0.01171·x(1)*x(1)*x(2)*x(2)*x(2)*x(2) -0.13621·x(1)*x(2)*x(2)*x(2)*x(2)*x(2) +0.05367·x(2)*x(2)*x(2)*x(2)*x(2)*x(2) -0.90319·x(1)*x(1)*x(1)*x(1)*x(1)*x(1)*x(1) +0.25249·x(1)*x(1)*x(1)*x(1)*x(1)*x(1)*x(2) -0.46031·x(1)*x(1)*x(1)*x(1)*x(1)*x(2)*x(2) +1.48168·x(1)*x(1)*x(1)*x(1)*x(2)*x(2)*x(2) -1.23260·x(1)*x(1)*x(1)*x(2)*x(2)*x(2)*x(2) +1.42582·x(1)*x(1)*x(2)*x(2)*x(2)*x(2)*x(2) +0.04842·x(1)*x(2)*x(2)*x(2)*x(2)*x(2)*x(2) +0.11509·x(2)*x(2)*x(2)*x(2)*x(2)*x(2)*x(2)
