dx(1)/dt = -3.0002*x(2) - 1.00018*x(1)*x(1)*x(1) - 1.00008*x(1)*x(2)*x(2) + 0.0011616*x(1)*x(1)*x(2)*x(2)*x(2) - 0.0010286*x(1) - 0.000752074*x(1)*x(1)*x(1)*x(1)*x(2)*x(2)*x(2) + 0.000675876*x(1)*x(1)*x(1)*x(1)*x(2) - 0.000637534*x(1)*x(2)*x(2)*x(2)*x(2) - 0.00055067*x(1)*x(1)*x(1)*x(2)*x(2) + 0.000415157*x(1)*x(1)*x(1)*x(1)*x(1)*x(2)*x(2) - 0.000380347*x(1)*x(1)*x(1)*x(1)*x(1) + 0.000332324*x(1)*x(1)*x(1)*x(1)*x(1)*x(1)*x(1)
dx(2)/dt = 3.00025*x(1) - 1.00013*x(2)*x(2)*x(2) - 0.999964*x(1)*x(1)*x(2) - 0.00103866*x(2) - 0.00102587*x(1)*x(1)*x(1)*x(1)*x(2) - 0.000899271*x(1)*x(1)*x(2)*x(2)*x(2) + 0.000625053*x(1)*x(1)*x(1)*x(1)*x(1)*x(1)*x(2) + 0.00051575*x(1)*x(1)*x(2)*x(2)*x(2)*x(2)*x(2) - 0.000405156*x(2)*x(2)*x(2)*x(2)*x(2) - 0.000339179*x(1)*x(1)*x(1)*x(1)*x(1)*x(2)*x(2) + 0.000295866*x(1)*x(1)*x(1)*x(1)*x(1) - 0.000264403*x(1)*x(1)*x(1)*x(1)*x(1)*x(1)*x(1)
