dx(1)/dt = +0.00000*x(1) +0.99546*x(2) -0.23259*x(1)*x(1) +0.00000*x(1)*x(2) +0.00000*x(2)*x(2)
dx(2)/dt = -22.57163*x(1) -0.07936*x(2) +0.65199*x(1)*x(1) +0.26700*x(1)*x(2) +0.05138*x(2)*x(2)
