dx(1)/dt = -0.88751*x(1) +0.17159*x(2) +0.23671*x(1)*x(1) -0.68507*x(1)*x(2) -0.01068*x(2)*x(2)
dx(2)/dt = +0.98093*x(1) -0.49494*x(2) -0.25497*x(1)*x(1) +0.69619*x(1)*x(2) +0.01123*x(2)*x(2)
