dx(1)/dt = +0.00002·x(1) +1.00009·x(2) +0.00000·x(1)*x(1) +0.00000·x(1)*x(2) -0.00000·x(2)*x(2) -0.00000·x(1)*x(1)*x(1) +0.00002·x(1)*x(1)*x(2) -0.00000·x(1)*x(2)*x(2) -0.00002·x(2)*x(2)*x(2)
dx(2)/dt = +4.99973·x(1) -0.50119·x(2) +0.00002·x(1)*x(1) -0.00006·x(1)*x(2) -0.00000·x(2)*x(2) -0.99988·x(1)*x(1)*x(1) -0.00016·x(1)*x(1)*x(2) -0.00015·x(1)*x(2)*x(2) +0.00029·x(2)*x(2)*x(2)
