dx(1)/dt = +0.00119*x(1) +1.00387*x(2) -0.00000*x(1)*x(1) +0.00000*x(1)*x(2) +0.00000*x(2)*x(2) -0.00106*x(1)*x(1)*x(1) -0.00214*x(1)*x(1)*x(2) +0.00095*x(1)*x(2)*x(2) -0.00003*x(2)*x(2)*x(2)
dx(2)/dt = +5.10710*x(1) -0.44216*x(2) -0.00063*x(1)*x(1) -0.00042*x(1)*x(2) -0.00005*x(2)*x(2) -1.01141*x(1)*x(1)*x(1) -0.02273*x(1)*x(1)*x(2) -0.01297*x(1)*x(2)*x(2) +0.00046*x(2)*x(2)*x(2)
