dx(1)/dt = 0.999799*x(2) - 0.000316665*x(1) + 0.0000390532*x(1)*x(1)*x(2) - 0.0000368201*x(1)*x(1)*x(1) - 0.00000587204*x(1)*x(2)*x(2) - 0.00000279165*x(2)*x(2) + 0.00000103603*x(1)*x(1) - 0.00000102452*x(1)*x(2) - 0.000000616383*x(2)*x(2)*x(2)
dx(2)/dt = 4.99969*x(1) - 0.999894*x(1)*x(1)*x(1) - 0.499649*x(2) - 0.000379614*x(1)*x(1)*x(2) - 0.000128757*x(1)*x(2)*x(2) + 0.000108003*x(2)*x(2)*x(2) + 0.000038423*x(2)*x(2) + 0.0000271893*x(1)*x(1) + 0.0000212317*x(1)*x(2)
