dx(1)/dt = -3.00023*x(2) - 1.00227*x(1)*x(1)*x(1) - 1.00137*x(1)*x(2)*x(2) - 0.0254431*x(1)*x(1)*x(1)*x(1)*x(1)*x(2)*x(2) + 0.0214818*x(1)*x(1)*x(1)*x(1)*x(2)*x(2)*x(2) - 0.0212401*x(1)*x(1)*x(2)*x(2)*x(2)*x(2)*x(2) + 0.0193097*x(1)*x(1)*x(1)*x(2)*x(2) + 0.0113141*x(1)*x(1)*x(1)*x(2)*x(2)*x(2)*x(2) - 0.00779835*x(1)*x(2)*x(2)*x(2)*x(2)*x(2)*x(2) + 0.00564889*x(1)*x(1)*x(1)*x(1)*x(2) + 0.00486728*x(1)*x(1)*x(1)*x(1)*x(1) + 0.00344298*x(1)*x(1)*x(2)*x(2)*x(2)
dx(2)/dt = 3.00023*x(1) - 1.00504*x(1)*x(1)*x(2) - 1.00129*x(2)*x(2)*x(2) - 0.0281516*x(1)*x(1)*x(2)*x(2)*x(2)*x(2)*x(2) + 0.0264273*x(1)*x(1)*x(2)*x(2)*x(2) + 0.0204989*x(1)*x(1)*x(1)*x(1)*x(1)*x(2)*x(2) - 0.0185346*x(1)*x(1)*x(1)*x(2)*x(2)*x(2)*x(2) + 0.0134982*x(1)*x(1)*x(1)*x(1)*x(2) - 0.0111379*x(1)*x(1)*x(1)*x(1)*x(1)*x(1)*x(2) + 0.0101196*x(1)*x(1)*x(1)*x(1)*x(2)*x(2)*x(2) - 0.00496088*x(1)*x(2)*x(2)*x(2)*x(2) + 0.00414969*x(1)*x(2)*x(2)*x(2)*x(2)*x(2)*x(2)
