dx(1)/dt = +0.00000·x(1) -3.00023·x(2) -0.00000·x(1)*x(1) -0.00000·x(1)*x(2) -0.00000·x(2)*x(2) -1.00012·x(1)*x(1)*x(1) -0.00000·x(1)*x(1)*x(2) -1.00119·x(1)*x(2)*x(2) -0.00000·x(2)*x(2)*x(2) -0.00000·x(1)*x(1)*x(1)*x(1) +0.00000·x(1)*x(1)*x(1)*x(2) -0.00000·x(1)*x(1)*x(2)*x(2) +0.00000·x(1)*x(2)*x(2)*x(2) -0.00000·x(2)*x(2)*x(2)*x(2) +0.00000·x(1)*x(1)*x(1)*x(1)*x(1) -0.00000·x(1)*x(1)*x(1)*x(1)*x(2) -0.05950·x(1)*x(1)*x(1)*x(2)*x(2) +0.06968·x(1)*x(1)*x(2)*x(2)*x(2) +0.03559·x(1)*x(2)*x(2)*x(2)*x(2) -0.00804·x(2)*x(2)*x(2)*x(2)*x(2) +0.00000·x(1)*x(1)*x(1)*x(1)*x(1)*x(1) +0.00000·x(1)*x(1)*x(1)*x(1)*x(1)*x(2) +0.00000·x(1)*x(1)*x(1)*x(1)*x(2)*x(2) +0.00000·x(1)*x(1)*x(1)*x(2)*x(2)*x(2) +0.00000·x(1)*x(1)*x(2)*x(2)*x(2)*x(2) +0.00000·x(1)*x(2)*x(2)*x(2)*x(2)*x(2) +0.00000·x(2)*x(2)*x(2)*x(2)*x(2)*x(2) +0.00000·x(1)*x(1)*x(1)*x(1)*x(1)*x(1)*x(1) -0.00000·x(1)*x(1)*x(1)*x(1)*x(1)*x(1)*x(2) +0.00000·x(1)*x(1)*x(1)*x(1)*x(1)*x(2)*x(2) -0.00000·x(1)*x(1)*x(1)*x(1)*x(2)*x(2)*x(2) +0.00000·x(1)*x(1)*x(1)*x(2)*x(2)*x(2)*x(2) -0.00000·x(1)*x(1)*x(2)*x(2)*x(2)*x(2)*x(2) +0.00000·x(1)*x(2)*x(2)*x(2)*x(2)*x(2)*x(2) -0.00000·x(2)*x(2)*x(2)*x(2)*x(2)*x(2)*x(2)
dx(2)/dt = +3.00023·x(1) +0.00000·x(2) -0.00000·x(1)*x(1) +0.00000·x(1)*x(2) -0.00000·x(2)*x(2) +0.00000·x(1)*x(1)*x(1) -1.00127·x(1)*x(1)*x(2) +0.00000·x(1)*x(2)*x(2) -1.00010·x(2)*x(2)*x(2) -0.00000·x(1)*x(1)*x(1)*x(1) +0.00000·x(1)*x(1)*x(1)*x(2) -0.00000·x(1)*x(1)*x(2)*x(2) +0.00000·x(1)*x(2)*x(2)*x(2) -0.00000·x(2)*x(2)*x(2)*x(2) +0.00872·x(1)*x(1)*x(1)*x(1)*x(1) +0.03634·x(1)*x(1)*x(1)*x(1)*x(2) -0.07464·x(1)*x(1)*x(1)*x(2)*x(2) -0.06076·x(1)*x(1)*x(2)*x(2)*x(2) +0.00000·x(1)*x(2)*x(2)*x(2)*x(2) +0.00000·x(2)*x(2)*x(2)*x(2)*x(2) -0.00000·x(1)*x(1)*x(1)*x(1)*x(1)*x(1) +0.00000·x(1)*x(1)*x(1)*x(1)*x(1)*x(2) -0.00000·x(1)*x(1)*x(1)*x(1)*x(2)*x(2) +0.00000·x(1)*x(1)*x(1)*x(2)*x(2)*x(2) -0.00000·x(1)*x(1)*x(2)*x(2)*x(2)*x(2) +0.00000·x(1)*x(2)*x(2)*x(2)*x(2)*x(2) -0.00000·x(2)*x(2)*x(2)*x(2)*x(2)*x(2) +0.00000·x(1)*x(1)*x(1)*x(1)*x(1)*x(1)*x(1) +0.00000·x(1)*x(1)*x(1)*x(1)*x(1)*x(1)*x(2) +0.00000·x(1)*x(1)*x(1)*x(1)*x(1)*x(2)*x(2) +0.00000·x(1)*x(1)*x(1)*x(1)*x(2)*x(2)*x(2) +0.00000·x(1)*x(1)*x(1)*x(2)*x(2)*x(2)*x(2) +0.00000·x(1)*x(1)*x(2)*x(2)*x(2)*x(2)*x(2) +0.00000·x(1)*x(2)*x(2)*x(2)*x(2)*x(2)*x(2) +0.00000·x(2)*x(2)*x(2)*x(2)*x(2)*x(2)*x(2)
