dx(1)/dt = -9.72052·x(1) +5.18219·x(2) -0.21558·x(1)*x(1) -1.24753·x(1)*x(2) -0.02319·x(2)*x(2) +26.49298·x(1)*x(1)*x(1) -7.35450·x(1)*x(1)*x(2) +24.68067·x(1)*x(2)*x(2) -12.77383·x(2)*x(2)*x(2) +0.13347·x(1)*x(1)*x(1)*x(1) +3.56991·x(1)*x(1)*x(1)*x(2) +0.61620·x(1)*x(1)*x(2)*x(2) +3.86611·x(1)*x(2)*x(2)*x(2) -0.53525·x(2)*x(2)*x(2)*x(2) -21.42773·x(1)*x(1)*x(1)*x(1)*x(1) +3.82557·x(1)*x(1)*x(1)*x(1)*x(2) -47.36992·x(1)*x(1)*x(1)*x(2)*x(2) +15.27424·x(1)*x(1)*x(2)*x(2)*x(2) -18.73081·x(1)*x(2)*x(2)*x(2)*x(2) +12.55510·x(2)*x(2)*x(2)*x(2)*x(2)
dx(2)/dt = -5.49762·x(1) -9.06531·x(2) -1.32603·x(1)*x(1) -1.14107·x(1)*x(2) +0.16621·x(2)*x(2) +12.49728·x(1)*x(1)*x(1) +24.34250·x(1)*x(1)*x(2) +10.65938·x(1)*x(2)*x(2) +24.00542·x(2)*x(2)*x(2) +4.41104·x(1)*x(1)*x(1)*x(1) +4.20137·x(1)*x(1)*x(1)*x(2) +1.69823·x(1)*x(1)*x(2)*x(2) +1.48715·x(1)*x(2)*x(2)*x(2) +0.75031·x(2)*x(2)*x(2)*x(2) -10.82975·x(1)*x(1)*x(1)*x(1)*x(1) -18.90022·x(1)*x(1)*x(1)*x(1)*x(2) -20.22502·x(1)*x(1)*x(1)*x(2)*x(2) -46.54878·x(1)*x(1)*x(2)*x(2)*x(2) -8.21241·x(1)*x(2)*x(2)*x(2)*x(2) -18.04219·x(2)*x(2)*x(2)*x(2)*x(2)
