dx(1)/dt = 4.48755*x(3)*x(3) - 3.2669*x(3)*x(3)*x(3) + 2.2719*x(2)*x(3)*x(4) + 1.76339*x(2)*x(3)*x(3) + 1.31734*x(3)*x(3)*x(4) + 0.992267*x(2) - 0.971928*x(1)*x(4)*x(4) - 0.961446*x(1)*x(1)*x(3) - 0.925176*x(3)*x(4)*x(4) - 0.913301*x(3) - 0.767664*x(1)*x(3)*x(4) + 0.76458*x(4)*x(4) - 0.740497*x(1)*x(2)*x(4) + 0.65017*x(2)*x(2)*x(3) - 0.479975*x(3)*x(4) - 0.409629*x(1)*x(3)*x(3) + 0.389569*x(1)*x(3) + 0.239374*x(1)*x(1) + 0.13482*x(4)*x(4)*x(4) + 0.123579*x(1)*x(2)*x(3) - 0.0873767*x(2)*x(4) + 0.0791031*x(1)*x(2)*x(2) + 0.0709478*x(1)*x(4) - 0.0601475*x(2)*x(3) - 0.0557935*x(2)*x(4)*x(4) - 0.0362925*x(1)*x(1)*x(1) - 0.0139714*x(1) - 0.0126927*x(2)*x(2)*x(4) - 0.0115541*x(4) + 0.0105724*x(1)*x(2) + 0.00708897*x(2)*x(2)*x(2) + 0.00224651*x(2)*x(2) + 0.00128606*x(1)*x(1)*x(4) + 0.00105575*x(1)*x(1)*x(2)
dx(2)/dt = 157.654*x(3)*x(3)*x(3) - 131.45*x(2)*x(3)*x(4) - 128.215*x(2)*x(3)*x(3) - 127.888*x(3)*x(3) + 57.5655*x(1)*x(4)*x(4) + 54.8173*x(1)*x(3)*x(4) + 35.5741*x(1)*x(3)*x(3) - 33.4348*x(3)*x(3)*x(4) + 28.8408*x(3)*x(4)*x(4) + 22.6853*x(3) - 20.9088*x(1)*x(3) + 18.19*x(1)*x(1)*x(3) + 13.7978*x(1)*x(2)*x(3) - 13.0532*x(4)*x(4) + 7.84686*x(1)*x(2)*x(4) + 6.24766*x(2)*x(4) - 5.48944*x(1)*x(2)*x(2) - 4.70515*x(4)*x(4)*x(4) - 4.65967*x(1)*x(1) - 4.6154*x(2)*x(2)*x(3) + 3.24252*x(2)*x(4)*x(4) - 3.13654*x(1)*x(4) - 3.01217*x(1)*x(1)*x(4) - 2.40717*x(3)*x(4) + 2.11985*x(2)*x(3) + 1.48051*x(4) + 0.92522*x(1) - 0.809093*x(1)*x(2) + 0.342671*x(1)*x(1)*x(1) + 0.207096*x(2) - 0.17288*x(2)*x(2)*x(2) + 0.158699*x(2)*x(2)*x(4) - 0.101617*x(2)*x(2) + 0.0248991*x(1)*x(1)*x(2)
dx(3)/dt = 0.989493*x(4) - 0.737201*x(2)*x(3)*x(3) - 0.689237*x(3)*x(3)*x(4) + 0.658703*x(3)*x(4)*x(4) - 0.536809*x(4)*x(4) - 0.494585*x(3)*x(3) - 0.404825*x(3)*x(3)*x(3) + 0.38855*x(3)*x(4) + 0.314211*x(1)*x(2)*x(4) + 0.305799*x(1)*x(3)*x(4) + 0.268135*x(1)*x(1)*x(3) + 0.229208*x(3) - 0.0948723*x(1)*x(2)*x(3) - 0.0704524*x(1)*x(1) - 0.0631671*x(1)*x(3) + 0.0570468*x(1)*x(3)*x(3) - 0.0398555*x(2)*x(2)*x(3) + 0.0229577*x(2)*x(3) - 0.018993*x(1)*x(1)*x(4) + 0.0162624*x(1)*x(1)*x(1) + 0.0131508*x(2)*x(4)*x(4) + 0.0123565*x(1)*x(4)*x(4) - 0.00893194*x(2)*x(4) - 0.00855135*x(2)*x(2) - 0.00759181*x(1)*x(1)*x(2) + 0.00544143*x(4)*x(4)*x(4) + 0.00410394*x(1)*x(2)*x(2) + 0.00325548*x(2)*x(3)*x(4) + 0.00296463*x(1)*x(2) + 0.00206826*x(2)*x(2)*x(4) - 0.00179062*x(1)*x(4) + 0.000612175*x(2)*x(2)*x(2) - 0.000417429*x(2) - 0.000322882*x(1)
dx(4)/dt = 70.93*x(3)*x(3)*x(3) + 59.9997*x(3)*x(3)*x(4) - 35.0753*x(3)*x(4) - 30.4569*x(3)*x(4)*x(4) - 28.4456*x(3)*x(3) + 18.469*x(4)*x(4) + 17.5711*x(1)*x(2)*x(3) + 12.7062*x(2)*x(3)*x(4) - 11.9703*x(2)*x(2)*x(3) - 5.06172*x(1)*x(4)*x(4) + 4.08859*x(2)*x(3)*x(3) - 3.96039*x(1)*x(2)*x(4) - 3.71558*x(1)*x(3)*x(4) - 3.53115*x(1)*x(1)*x(3) + 2.02602*x(1)*x(3) - 1.94025*x(1)*x(3)*x(3) - 1.82077*x(1)*x(1)*x(4) - 1.5048*x(3) + 1.48647*x(4)*x(4)*x(4) + 0.975131*x(2)*x(3) + 0.916429*x(4) + 0.916004*x(1)*x(1) - 0.902978*x(2)*x(4)*x(4) - 0.543095*x(1)*x(1)*x(1) + 0.524661*x(2)*x(2) - 0.440786*x(2)*x(2)*x(4) + 0.429242*x(1)*x(1)*x(2) - 0.380427*x(1)*x(4) - 0.227416*x(2)*x(4) - 0.218942*x(1)*x(2) + 0.0723579*x(1)*x(2)*x(2) + 0.0263515*x(1) - 0.0141209*x(2) + 0.00353381*x(2)*x(2)*x(2)
