dx(1)/dt = -1.767804*x(1)*x(2)*x(2)*x(2).0 - 0.83879*x(1) + 1990.6037197589*x(1)*x(1)*x(1).0*x(2)*x(2)*x(2)*(-x(1))**3.0 - 10.3873423122258*x(1)*x(1)*x(1).0*x(2)*x(2)*x(2) + 575.784448649025*x(1)*x(1)*x(1).0*x(2)*x(2)*(-x(1))**3.0 - 2.64673434761596*x(1)*x(1)*x(1).0*x(2)*x(2) + 0.10349885070286*x(1)*x(1)*x(1).0*x(2) + 0.0116490826180397*x(1)*x(1)*x(1)*x(1).0*x(2)*x(2)*(-x(1))**3.0 + 35.6779187815706*x(1)*x(1)*x(1)*x(1).0*x(2)*x(2) + 10.3198993145533*x(1)*x(1)*x(1)*x(1).0*x(2) + 0.00020878878478656*x(1)*x(1)*x(1)*x(1)*x(1).0*x(2) + 2.255046*x(2) - 0.00032
dx(2)/dt = 20.257971696016*x(1)*x(1)*(-x(2))**3.0 - 0.024688214386*x(1)*x(1) - 2.242759099816*x(1)*x(2)*(-x(2))**3.0 + 0.002733231061*x(1)*x(2) + 0.18816608602*x(1)*x(2)*x(2)*x(2).0 + 3.630458745392*x(1)*(-x(2))**3.0 - 2.232599108746*x(1) + 0.113508889114*x(2) - 0.204971362805*x(2)*x(2)*x(2).0 - 0.08606391805*x(2)*x(2)*x(2)*x(2).0 + 0.063293867732
