dx0/dt = -1.767804*x0*x1**3.0 - 0.83879*x0 + 6.0e-6*x0**3.0*x1*(-0.00032*x0 - 54.681833*x1 - 15.816784)*(-108744.158743*x0 - 6067230.530229*x1*(-x0)**3.0 + 31659.943051*x1 - 1090.601506) + 2.255046*x1 - 0.00032
dx1/dt = -1.202893*x0 + 0.761695*x1**3.0*(0.247036*x0 - 0.11299*x1 - 0.269099) - (-5.653358*x0 + 0.625883*x1 - 1.013146)*(3.583352*x0*(-x1)**3.0 - 0.004367*x0 - 0.181358) + 0.247036
