dx(1)/dt = +0.07513·x(1) +1.06851·x(2) +0.00040·x(1)*x(1) -0.00167·x(1)*x(2) -0.00387·x(2)*x(2) +0.02319·x(1)*x(1)*x(1) +0.09704·x(1)*x(1)*x(2) -0.09728·x(1)*x(2)*x(2) -0.05821·x(2)*x(2)*x(2) +0.00003·x(1)*x(1)*x(1)*x(1) -0.00021·x(1)*x(1)*x(1)*x(2) -0.00149·x(1)*x(1)*x(2)*x(2) +0.00066·x(1)*x(2)*x(2)*x(2) +0.00243·x(2)*x(2)*x(2)*x(2) -0.00648·x(1)*x(1)*x(1)*x(1)*x(1) -0.01768·x(1)*x(1)*x(1)*x(1)*x(2) +0.01652·x(1)*x(1)*x(1)*x(2)*x(2) -0.01769·x(1)*x(1)*x(2)*x(2)*x(2) +0.00421·x(1)*x(2)*x(2)*x(2)*x(2) +0.00905·x(2)*x(2)*x(2)*x(2)*x(2)
dx(2)/dt = -1.72068·x(1) +0.48546·x(2) -0.01007·x(1)*x(1) +0.01353·x(1)*x(2) -0.01661·x(2)*x(2) +0.24088·x(1)*x(1)*x(1) -0.75870·x(1)*x(1)*x(2) +0.37303·x(1)*x(2)*x(2) +0.10210·x(2)*x(2)*x(2) +0.00422·x(1)*x(1)*x(1)*x(1) -0.00626·x(1)*x(1)*x(1)*x(2) +0.01191·x(1)*x(1)*x(2)*x(2) -0.00875·x(1)*x(2)*x(2)*x(2) +0.00755·x(2)*x(2)*x(2)*x(2) -0.02660·x(1)*x(1)*x(1)*x(1)*x(1) -0.02320·x(1)*x(1)*x(1)*x(1)*x(2) +0.03609·x(1)*x(1)*x(1)*x(2)*x(2) +0.07748·x(1)*x(1)*x(2)*x(2)*x(2) -0.09088·x(1)*x(2)*x(2)*x(2)*x(2) -0.01680·x(2)*x(2)*x(2)*x(2)*x(2)
