dx(1)/dt = 0.96933*x(2) + 0.105617*x(1) - 0.0675623*x(1)*x(2) + 0.0150711*x(2)*x(2) - 0.00370706*x(1)*x(1)
dx(2)/dt = -22.9919*x(1) + 1.53107*x(1)*x(1) + 0.2507*x(1)*x(2) - 0.147156*x(2) + 0.0135864*x(2)*x(2)
