dx(1)/dt = +1.02716·x(1) +3.04519·x(2) +0.00625·x(1)*x(1) +0.00000·x(1)*x(2) -0.00634·x(2)*x(2) -1.06197·x(1)*x(1)*x(1) -0.04131·x(1)*x(1)*x(2) -1.06339·x(1)*x(2)*x(2) -0.04301·x(2)*x(2)*x(2) -0.00639·x(1)*x(1)*x(1)*x(1) -0.00000·x(1)*x(1)*x(1)*x(2) +0.00000·x(1)*x(1)*x(2)*x(2) +0.00000·x(1)*x(2)*x(2)*x(2) +0.00649·x(2)*x(2)*x(2)*x(2) +0.03696·x(1)*x(1)*x(1)*x(1)*x(1) -0.00000·x(1)*x(1)*x(1)*x(1)*x(2) +0.00000·x(1)*x(1)*x(1)*x(2)*x(2) -0.00000·x(1)*x(1)*x(2)*x(2)*x(2) +0.05034·x(1)*x(2)*x(2)*x(2)*x(2) +0.00000·x(2)*x(2)*x(2)*x(2)*x(2)
dx(2)/dt = -3.03835·x(1) +1.00794·x(2) -0.00542·x(1)*x(1) -0.00000·x(1)*x(2) +0.00529·x(2)*x(2) +0.03667·x(1)*x(1)*x(1) -1.02300·x(1)*x(1)*x(2) +0.03660·x(1)*x(2)*x(2) -1.02475·x(2)*x(2)*x(2) +0.00563·x(1)*x(1)*x(1)*x(1) -0.00000·x(1)*x(1)*x(1)*x(2) +0.00000·x(1)*x(1)*x(2)*x(2) +0.00000·x(1)*x(2)*x(2)*x(2) -0.00550·x(2)*x(2)*x(2)*x(2) +0.00000·x(1)*x(1)*x(1)*x(1)*x(1) +0.00000·x(1)*x(1)*x(1)*x(1)*x(2) -0.00000·x(1)*x(1)*x(1)*x(2)*x(2) +0.00000·x(1)*x(1)*x(2)*x(2)*x(2) -0.00000·x(1)*x(2)*x(2)*x(2)*x(2) +0.01492·x(2)*x(2)*x(2)*x(2)*x(2)
