dx(1)/dt = -0.00000·1 -0.70837·x(1) +2.27682·x(2) -0.40492·x(1)*x(1) -0.49627·x(1)*x(2) -0.00000·x(2)*x(2) -0.89830·x(1)*x(1)*x(1) -0.00000·x(1)*x(1)*x(2) -1.95338·x(1)*x(2)*x(2) +0.00000·x(2)*x(2)*x(2)
dx(2)/dt = +0.06201·1 -2.24167·x(1) +0.14281·x(2) -0.00000·x(1)*x(1) -0.50964·x(1)*x(2) -0.00000·x(2)*x(2) -0.00000·x(1)*x(1)*x(1) -2.54277·x(1)*x(1)*x(2) -0.00000·x(1)*x(2)*x(2) -0.33771·x(2)*x(2)*x(2)
