dx(1)/dt = +1.00000·x(1) +3.00002·x(2) +0.00000·x(1)*x(1) -0.00000·x(1)*x(2) +0.00000·x(2)*x(2) -0.99995·x(1)*x(1)*x(1) -0.00000·x(1)*x(1)*x(2) -1.00019·x(1)*x(2)*x(2) -0.00000·x(2)*x(2)*x(2) +0.00000·x(1)*x(1)*x(1)*x(1) -0.00000·x(1)*x(1)*x(1)*x(2) +0.00000·x(1)*x(1)*x(2)*x(2) -0.00000·x(1)*x(2)*x(2)*x(2) +0.00000·x(2)*x(2)*x(2)*x(2) +0.00000·x(1)*x(1)*x(1)*x(1)*x(1) -0.00000·x(1)*x(1)*x(1)*x(1)*x(2) -0.00319·x(1)*x(1)*x(1)*x(2)*x(2) -0.00000·x(1)*x(1)*x(2)*x(2)*x(2) +0.00000·x(1)*x(2)*x(2)*x(2)*x(2) -0.00000·x(2)*x(2)*x(2)*x(2)*x(2)
dx(2)/dt = -3.00001·x(1) +1.00000·x(2) -0.00000·x(1)*x(1) +0.00000·x(1)*x(2) -0.00000·x(2)*x(2) +0.00000·x(1)*x(1)*x(1) -1.00023·x(1)*x(1)*x(2) +0.00000·x(1)*x(2)*x(2) -0.99994·x(2)*x(2)*x(2) -0.00000·x(1)*x(1)*x(1)*x(1) +0.00000·x(1)*x(1)*x(1)*x(2) -0.00000·x(1)*x(1)*x(2)*x(2) +0.00000·x(1)*x(2)*x(2)*x(2) -0.00000·x(2)*x(2)*x(2)*x(2) +0.00000·x(1)*x(1)*x(1)*x(1)*x(1) +0.00000·x(1)*x(1)*x(1)*x(1)*x(2) +0.00000·x(1)*x(1)*x(1)*x(2)*x(2) -0.00345·x(1)*x(1)*x(2)*x(2)*x(2) +0.00000·x(1)*x(2)*x(2)*x(2)*x(2) +0.00000·x(2)*x(2)*x(2)*x(2)*x(2)
