dx(1)/dt = +1.00000*x(1) +3.00002*x(2) +0.00000*x(1)*x(1) -0.00000*x(1)*x(2) +0.00000*x(2)*x(2) -0.99996*x(1)*x(1)*x(1) -0.00000*x(1)*x(1)*x(2) -1.00017*x(1)*x(2)*x(2) -0.00000*x(2)*x(2)*x(2) +0.00000*x(1)*x(1)*x(1)*x(1) -0.00000*x(1)*x(1)*x(1)*x(2) +0.00000*x(1)*x(1)*x(2)*x(2) -0.00000*x(1)*x(2)*x(2)*x(2) +0.00000*x(2)*x(2)*x(2)*x(2) +0.00000*x(1)*x(1)*x(1)*x(1)*x(1) -0.00000*x(1)*x(1)*x(1)*x(1)*x(2) -0.00295*x(1)*x(1)*x(1)*x(2)*x(2) -0.00000*x(1)*x(1)*x(2)*x(2)*x(2) +0.00000*x(1)*x(2)*x(2)*x(2)*x(2) -0.00000*x(2)*x(2)*x(2)*x(2)*x(2)
dx(2)/dt = -3.00001*x(1) +1.00000*x(2) -0.00000*x(1)*x(1) +0.00000*x(1)*x(2) -0.00000*x(2)*x(2) +0.00000*x(1)*x(1)*x(1) -1.00022*x(1)*x(1)*x(2) +0.00000*x(1)*x(2)*x(2) -0.99995*x(2)*x(2)*x(2) -0.00000*x(1)*x(1)*x(1)*x(1) +0.00000*x(1)*x(1)*x(1)*x(2) -0.00000*x(1)*x(1)*x(2)*x(2) +0.00000*x(1)*x(2)*x(2)*x(2) -0.00000*x(2)*x(2)*x(2)*x(2) +0.00000*x(1)*x(1)*x(1)*x(1)*x(1) +0.00000*x(1)*x(1)*x(1)*x(1)*x(2) +0.00000*x(1)*x(1)*x(1)*x(2)*x(2) -0.00335*x(1)*x(1)*x(2)*x(2)*x(2) +0.00000*x(1)*x(2)*x(2)*x(2)*x(2) +0.00000*x(2)*x(2)*x(2)*x(2)*x(2)
