dx(1)/dt = +0.16010*x(1) +1.01212*x(2) -0.00694*x(1)*x(1) +0.00045*x(1)*x(2) +0.00275*x(2)*x(2) -0.19169*x(1)*x(1)*x(1) +0.04597*x(1)*x(1)*x(2) +0.00599*x(1)*x(2)*x(2) -0.00547*x(2)*x(2)*x(2)
dx(2)/dt = +5.93640*x(1) -0.44409*x(2) -0.03187*x(1)*x(1) -0.00123*x(1)*x(2) -0.00234*x(2)*x(2) -1.73816*x(1)*x(1)*x(1) -0.43033*x(1)*x(1)*x(2) -0.10312*x(1)*x(2)*x(2) +0.03193*x(2)*x(2)*x(2)
