dx(1)/dt = +2.14252·x(1) +0.01397·x(2) -0.03109·x(1)*x(1) -0.00522·x(1)*x(2) +0.03959·x(2)*x(2) -1.86511·x(1)*x(1)*x(1) -0.24663·x(1)*x(1)*x(2) -2.64599·x(1)*x(2)*x(2) -0.18138·x(2)*x(2)*x(2) +0.02871·x(1)*x(1)*x(1)*x(1) +0.01198·x(1)*x(1)*x(1)*x(2) +0.01096·x(1)*x(1)*x(2)*x(2) +0.00000·x(1)*x(2)*x(2)*x(2) -0.03745·x(2)*x(2)*x(2)*x(2) -0.27478·x(1)*x(1)*x(1)*x(1)*x(1) -0.00942·x(1)*x(1)*x(1)*x(1)*x(2) +0.88188·x(1)*x(1)*x(1)*x(2)*x(2) +0.12507·x(1)*x(1)*x(2)*x(2)*x(2) +0.29104·x(1)*x(2)*x(2)*x(2)*x(2) +0.01068·x(2)*x(2)*x(2)*x(2)*x(2)
dx(2)/dt = +0.25174·x(1) +2.32315·x(2) -0.00796·x(1)*x(1) +0.03320·x(1)*x(2) +0.01204·x(2)*x(2) -0.21641·x(1)*x(1)*x(1) -2.82266·x(1)*x(1)*x(2) -0.07064·x(1)*x(2)*x(2) -2.15561·x(2)*x(2)*x(2) +0.00494·x(1)*x(1)*x(1)*x(1) -0.01553·x(1)*x(1)*x(1)*x(2) +0.02340·x(1)*x(1)*x(2)*x(2) -0.02352·x(1)*x(2)*x(2)*x(2) -0.01918·x(2)*x(2)*x(2)*x(2) +0.12717·x(1)*x(1)*x(1)*x(1)*x(1) +0.27642·x(1)*x(1)*x(1)*x(1)*x(2) -0.03267·x(1)*x(1)*x(1)*x(2)*x(2) +1.02533·x(1)*x(1)*x(2)*x(2)*x(2) +0.06350·x(1)*x(2)*x(2)*x(2)*x(2) -0.16845·x(2)*x(2)*x(2)*x(2)*x(2)
