dx(1)/dt = -0.00000*x(1) -3.00028*x(2) +0.00008*x(1)*x(1) -0.00000*x(1)*x(2) -0.00008*x(2)*x(2) -0.99578*x(1)*x(1)*x(1) +0.00000*x(1)*x(1)*x(2) -1.01651*x(1)*x(2)*x(2) +0.00000*x(2)*x(2)*x(2) -0.00060*x(1)*x(1)*x(1)*x(1) -0.00000*x(1)*x(1)*x(1)*x(2) -0.00000*x(1)*x(1)*x(2)*x(2) -0.00000*x(1)*x(2)*x(2)*x(2) +0.00063*x(2)*x(2)*x(2)*x(2) -0.03608*x(1)*x(1)*x(1)*x(1)*x(1) +0.00000*x(1)*x(1)*x(1)*x(1)*x(2) +0.08558*x(1)*x(1)*x(1)*x(2)*x(2) +0.00000*x(1)*x(1)*x(2)*x(2)*x(2) +0.10970*x(1)*x(2)*x(2)*x(2)*x(2) +0.00000*x(2)*x(2)*x(2)*x(2)*x(2) -0.00000*x(1)*x(1)*x(1)*x(1)*x(1)*x(1) -0.00000*x(1)*x(1)*x(1)*x(1)*x(1)*x(2) -0.00000*x(1)*x(1)*x(1)*x(1)*x(2)*x(2) +0.00000*x(1)*x(1)*x(1)*x(2)*x(2)*x(2) -0.00000*x(1)*x(1)*x(2)*x(2)*x(2)*x(2) -0.00000*x(1)*x(2)*x(2)*x(2)*x(2)*x(2) -0.00000*x(2)*x(2)*x(2)*x(2)*x(2)*x(2) +0.05922*x(1)*x(1)*x(1)*x(1)*x(1)*x(1)*x(1) -0.00000*x(1)*x(1)*x(1)*x(1)*x(1)*x(1)*x(2) -0.00000*x(1)*x(1)*x(1)*x(1)*x(1)*x(2)*x(2) -0.14612*x(1)*x(1)*x(1)*x(1)*x(2)*x(2)*x(2) -0.31630*x(1)*x(1)*x(1)*x(2)*x(2)*x(2)*x(2) -0.00000*x(1)*x(1)*x(2)*x(2)*x(2)*x(2)*x(2) -0.17181*x(1)*x(2)*x(2)*x(2)*x(2)*x(2)*x(2) +0.00000*x(2)*x(2)*x(2)*x(2)*x(2)*x(2)*x(2)
dx(2)/dt = +3.00028*x(1) -0.00000*x(2) +0.00000*x(1)*x(1) +0.00000*x(1)*x(2) +0.00000*x(2)*x(2) -0.00000*x(1)*x(1)*x(1) -1.01510*x(1)*x(1)*x(2) -0.00000*x(1)*x(2)*x(2) -0.99622*x(2)*x(2)*x(2) -0.00029*x(1)*x(1)*x(1)*x(1) -0.00000*x(1)*x(1)*x(1)*x(2) +0.00175*x(1)*x(1)*x(2)*x(2) -0.00000*x(1)*x(2)*x(2)*x(2) -0.00029*x(2)*x(2)*x(2)*x(2) -0.00000*x(1)*x(1)*x(1)*x(1)*x(1) +0.10930*x(1)*x(1)*x(1)*x(1)*x(2) -0.00000*x(1)*x(1)*x(1)*x(2)*x(2) +0.08618*x(1)*x(1)*x(2)*x(2)*x(2) -0.00000*x(1)*x(2)*x(2)*x(2)*x(2) -0.03616*x(2)*x(2)*x(2)*x(2)*x(2) -0.00000*x(1)*x(1)*x(1)*x(1)*x(1)*x(1) +0.00000*x(1)*x(1)*x(1)*x(1)*x(1)*x(2) -0.00000*x(1)*x(1)*x(1)*x(1)*x(2)*x(2) -0.00000*x(1)*x(1)*x(1)*x(2)*x(2)*x(2) -0.00000*x(1)*x(1)*x(2)*x(2)*x(2)*x(2) +0.00000*x(1)*x(2)*x(2)*x(2)*x(2)*x(2) -0.00000*x(2)*x(2)*x(2)*x(2)*x(2)*x(2) -0.00000*x(1)*x(1)*x(1)*x(1)*x(1)*x(1)*x(1) -0.18118*x(1)*x(1)*x(1)*x(1)*x(1)*x(1)*x(2) +0.00000*x(1)*x(1)*x(1)*x(1)*x(1)*x(2)*x(2) -0.33521*x(1)*x(1)*x(1)*x(1)*x(2)*x(2)*x(2) +0.12747*x(1)*x(1)*x(1)*x(2)*x(2)*x(2)*x(2) -0.00000*x(1)*x(1)*x(2)*x(2)*x(2)*x(2)*x(2) +0.00000*x(1)*x(2)*x(2)*x(2)*x(2)*x(2)*x(2) +0.06285*x(2)*x(2)*x(2)*x(2)*x(2)*x(2)*x(2)
