dx(1)/dt = +1.02895·x(1) +3.04393·x(2) +0.00583·x(1)*x(1) +0.00000·x(1)*x(2) -0.00587·x(2)*x(2) -1.06395·x(1)*x(1)*x(1) -0.03765·x(1)*x(1)*x(2) -1.06525·x(1)*x(2)*x(2) -0.03937·x(2)*x(2)*x(2) -0.00598·x(1)*x(1)*x(1)*x(1) -0.00000·x(1)*x(1)*x(1)*x(2) +0.00000·x(1)*x(1)*x(2)*x(2) +0.00000·x(1)*x(2)*x(2)*x(2) +0.00602·x(2)*x(2)*x(2)*x(2) +0.03684·x(1)*x(1)*x(1)*x(1)*x(1) -0.00000·x(1)*x(1)*x(1)*x(1)*x(2) +0.00000·x(1)*x(1)*x(1)*x(2)*x(2) -0.00000·x(1)*x(1)*x(2)*x(2)*x(2) +0.04922·x(1)*x(2)*x(2)*x(2)*x(2) +0.00000·x(2)*x(2)*x(2)*x(2)*x(2)
dx(2)/dt = -3.03773·x(1) +1.00887·x(2) -0.00769·x(1)*x(1) -0.00000·x(1)*x(2) +0.00753·x(2)*x(2) +0.03427·x(1)*x(1)*x(1) -1.02415·x(1)*x(1)*x(2) +0.03408·x(1)*x(2)*x(2) -1.02585·x(2)*x(2)*x(2) +0.00782·x(1)*x(1)*x(1)*x(1) -0.00000·x(1)*x(1)*x(1)*x(2) +0.00000·x(1)*x(1)*x(2)*x(2) +0.00000·x(1)*x(2)*x(2)*x(2) -0.00765·x(2)*x(2)*x(2)*x(2) -0.00000·x(1)*x(1)*x(1)*x(1)*x(1) +0.00000·x(1)*x(1)*x(1)*x(1)*x(2) +0.00000·x(1)*x(1)*x(1)*x(2)*x(2) +0.00000·x(1)*x(1)*x(2)*x(2)*x(2) +0.00000·x(1)*x(2)*x(2)*x(2)*x(2) +0.01432·x(2)*x(2)*x(2)*x(2)*x(2)
