dx(1)/dt = +0.00433*1 -1.06539*x(1) +2.15954*x(2) -0.00000*x(1)*x(1) -0.00000*x(1)*x(2) -0.00000*x(2)*x(2) -16.35690*x(1)*x(1)*x(1) -0.00000*x(1)*x(1)*x(2) +42.22081*x(1)*x(2)*x(2) -0.00000*x(2)*x(2)*x(2)
dx(2)/dt = +0.07884*1 -2.62431*x(1) -0.21270*x(2) +1.11138*x(1)*x(1) -0.00000*x(1)*x(2) -2.28548*x(2)*x(2) -14.78536*x(1)*x(1)*x(1) -0.00000*x(1)*x(1)*x(2) +53.17142*x(1)*x(2)*x(2) -0.00000*x(2)*x(2)*x(2)
