dx(1)/dt = +0.00432·1 -1.06386·x(1) +2.15696·x(2) -0.00000·x(1)*x(1) -0.00000·x(1)*x(2) -0.00000·x(2)*x(2) -16.40107·x(1)*x(1)*x(1) -0.00000·x(1)*x(1)*x(2) +42.35721·x(1)*x(2)*x(2) -0.00000·x(2)*x(2)*x(2)
dx(2)/dt = +0.07898·1 -2.63038·x(1) -0.21186·x(2) +1.14106·x(1)*x(1) -0.00000·x(1)*x(2) -2.32416·x(2)*x(2) -14.99588·x(1)*x(1)*x(1) -0.00000·x(1)*x(1)*x(2) +53.94603·x(1)*x(2)*x(2) -0.00000·x(2)*x(2)*x(2)
