dx(1)/dt = +0.00152*x(1) +0.99965*x(2) +0.00002*x(1)*x(1) -0.00004*x(1)*x(2) -0.00003*x(2)*x(2) -0.00028*x(1)*x(1)*x(1) -0.00080*x(1)*x(1)*x(2) -0.00013*x(1)*x(2)*x(2) +0.00048*x(2)*x(2)*x(2)
dx(2)/dt = +4.98825*x(1) -0.50850*x(2) +0.00007*x(1)*x(1) -0.00002*x(1)*x(2) -0.00010*x(2)*x(2) -0.99725*x(1)*x(1)*x(1) -0.00255*x(1)*x(1)*x(2) -0.00068*x(1)*x(2)*x(2) +0.00242*x(2)*x(2)*x(2)
