dx(1)/dt = -0.00000·x(1) +15.42187·x(2) +0.01104·x(1)*x(1) -0.02826·x(1)*x(2) -0.00540·x(2)*x(2) -0.00000·x(1)*x(1)*x(1) -10.10328·x(1)*x(1)*x(2) -0.00000·x(1)*x(2)*x(2) -10.11657·x(2)*x(2)*x(2) -0.01104·x(1)*x(1)*x(1)*x(1) +0.02826·x(1)*x(1)*x(1)*x(2) -0.00564·x(1)*x(1)*x(2)*x(2) +0.02826·x(1)*x(2)*x(2)*x(2) +0.00540·x(2)*x(2)*x(2)*x(2) -0.00000·x(1)*x(1)*x(1)*x(1)*x(1) +4.18031·x(1)*x(1)*x(1)*x(1)*x(2) -0.00000·x(1)*x(1)*x(1)*x(2)*x(2) +8.15395·x(1)*x(1)*x(2)*x(2)*x(2) -0.00000·x(1)*x(2)*x(2)*x(2)*x(2) +4.08981·x(2)*x(2)*x(2)*x(2)*x(2)
dx(2)/dt = -16.88846·x(1) -0.00000·x(2) +0.06978·x(1)*x(1) +0.02607·x(1)*x(2) -0.00437·x(2)*x(2) +14.56557·x(1)*x(1)*x(1) -0.00000·x(1)*x(1)*x(2) +12.13781·x(1)*x(2)*x(2) +0.00000·x(2)*x(2)*x(2) -0.06978·x(1)*x(1)*x(1)*x(1) -0.02607·x(1)*x(1)*x(1)*x(2) -0.06541·x(1)*x(1)*x(2)*x(2) -0.02607·x(1)*x(2)*x(2)*x(2) +0.00437·x(2)*x(2)*x(2)*x(2) -7.02299·x(1)*x(1)*x(1)*x(1)*x(1) -0.00000·x(1)*x(1)*x(1)*x(1)*x(2) -11.68799·x(1)*x(1)*x(1)*x(2)*x(2) +0.00000·x(1)*x(1)*x(2)*x(2)*x(2) -4.82017·x(1)*x(2)*x(2)*x(2)*x(2) +0.00000·x(2)*x(2)*x(2)*x(2)*x(2)
