dx(1)/dt = 0.881461*x(2) - 0.339118*x(1)*x(1) + 0.101059*x(1)*x(2) - 0.015124*x(2)*x(2) + 0.0135185*x(1)
dx(2)/dt = -19.0623*x(1) + 0.412835*x(1)*x(2) + 0.384485*x(1)*x(1) - 0.0705606*x(2) + 0.053796*x(2)*x(2)
