dx(1)/dt = 0.996877*x(2) + 0.0150358*x(1) - 0.0022888*x(1)*x(1)*x(1) + 0.00135834*x(1)*x(1)*x(2) - 0.000803289*x(1)*x(2)*x(2) - 0.00066784*x(1)*x(2) - 0.000536565*x(2)*x(2) + 0.000147967*x(1)*x(1) - 0.0000836607*x(2)*x(2)*x(2)
dx(2)/dt = 4.98815*x(1) - 0.994825*x(1)*x(1)*x(1) - 0.488587*x(2) - 0.0058301*x(1)*x(1) + 0.00571654*x(2)*x(2) - 0.00371079*x(1)*x(1)*x(2) + 0.00357384*x(2)*x(2)*x(2) - 0.00172367*x(1)*x(2)*x(2) + 0.00033536*x(1)*x(2)
