batch_size: 1024
beta_align: 0.015846236874355046
decayA_last_frac: 0.3
decayA_min_ratio: 0.2
depth: 3
dropout: 0.25
dt: 2.25
epochs_A: 120
epochs_B: 220
g_dim: 60
grad_clip: 1.0
lam_full: 5.019873207771459e-07
lam_g: 5.81981389006378e-07
lam_phi: 3.0e-10
lrA: 0.002
lrB_end: 0.0003
lrB_start: 0.003
polyorder: 2
rollout_B: 3
width: 192
