dx(1)/dt = 1.01983*x(2) - 0.0291985*x(1)*x(1)*x(2) - 0.0222519*x(1)
dx(2)/dt = -1.05452*x(1) - 0.986121*x(1)*x(1)*x(2) + 0.910282*x(2) + 0.0319067*x(1)*x(1)*x(1) + 0.0280461*x(1)*x(1)*x(1)*x(1)*x(2)
