dx(1)/dt = 0.982896*x(2) - 0.0410353*x(1)*x(1)*x(2)
dx(2)/dt = -0.973237*x(1) - 0.535433*x(1)*x(1)*x(2) + 0.501624*x(2) + 0.0455658*x(1)*x(1)*x(1) - 0.018511*x(1)*x(2)*x(2) + 0.0176084*x(1)*x(1)*x(1)*x(1)*x(2)
