dx(1)/dt = 0.976701*x(2)
dx(2)/dt = -1.09461*x(1)*x(1)*x(2) + 1.05823*x(2) - 1.05342*x(1) + 0.0203335*x(1)*x(1)*x(1)*x(1)*x(2) + 0.0177286*x(1)*x(1)*x(1) - 0.0105961*x(1)*x(2)*x(2)
