dx(1)/dt = 1.01276*x(2) - 0.0366734*x(1)*x(1)*x(2) - 0.0269465*x(1)
dx(2)/dt = -1.01107*x(1) - 0.821223*x(1)*x(1)*x(2) + 0.773797*x(2) + 0.0386241*x(1)*x(1)*x(1) + 0.0260602*x(1)*x(1)*x(1)*x(1)*x(2) - 0.0181533*x(1)*x(2)*x(2)
