dx(1)/dt = -1.14976·x(1) -0.00000·x(2) -0.98009·x(1)*x(1) -11.57401·x(1)*x(2) -0.00000·x(2)*x(2)
dx(2)/dt = -1.06865·x(1) -9.38282·x(2) -8.86600·x(1)*x(1) +13.54847·x(1)*x(2) -0.00054·x(2)*x(2)
