dx(1)/dt = +3.12706*x(1) +3.16554*x(2) +0.68571*x(1)*x(1) +15.87155*x(1)*x(2) -0.38306*x(2)*x(2) -2.95075*x(1)*x(1)*x(1) +7.24319*x(1)*x(1)*x(2) +4.61384*x(1)*x(2)*x(2) +0.97375*x(2)*x(2)*x(2) +0.76334*x(1)*x(1)*x(1)*x(1) -2.54985*x(1)*x(1)*x(1)*x(2) -0.64446*x(1)*x(1)*x(2)*x(2) -3.39804*x(1)*x(2)*x(2)*x(2) -0.96612*x(2)*x(2)*x(2)*x(2)
dx(2)/dt = -9.97922*x(1) -5.14074*x(2) -5.12038*x(1)*x(1) -11.83145*x(1)*x(2) +4.03942*x(2)*x(2) -1.20921*x(1)*x(1)*x(1) -2.55099*x(1)*x(1)*x(2) -1.55888*x(1)*x(2)*x(2) +1.32048*x(2)*x(2)*x(2) +0.26744*x(1)*x(1)*x(1)*x(1) +4.49179*x(1)*x(1)*x(1)*x(2) +1.24318*x(1)*x(1)*x(2)*x(2) +4.70896*x(1)*x(2)*x(2)*x(2) -0.03731*x(2)*x(2)*x(2)*x(2)
