batch_size: 1024
beta_align: 0.014937949221709334
decayA_last_frac: 0.3
decayA_min_ratio: 0.2
depth: 3
dropout: 0.5
dt: 0.3
epochs_A: 100
epochs_B: 300
g_dim: 60
grad_clip: 1.0
lam_full: 1.5450282841179053e-05
lam_g: 1.931317294051122e-05
lam_phi: 3.0e-10
lrA: 0.002
lrB_end: 0.0003
lrB_start: 0.003
polyorder: 2
rollout_B: 8
width: 64
