dx(1)/dt = -0.00571*x(1) +0.95195*x(2) -0.00055*x(1)*x(1) +0.00090*x(1)*x(2) +0.00294*x(2)*x(2) +0.01497*x(1)*x(1)*x(1) +0.05136*x(1)*x(1)*x(2) -0.02208*x(1)*x(2)*x(2) +0.00892*x(2)*x(2)*x(2) +0.00005*x(1)*x(1)*x(1)*x(1) -0.00087*x(1)*x(1)*x(1)*x(2) -0.00091*x(1)*x(1)*x(2)*x(2) +0.00102*x(1)*x(2)*x(2)*x(2) -0.00080*x(2)*x(2)*x(2)*x(2) -0.00227*x(1)*x(1)*x(1)*x(1)*x(1) -0.00467*x(1)*x(1)*x(1)*x(1)*x(2) +0.00134*x(1)*x(1)*x(1)*x(2)*x(2) -0.01127*x(1)*x(1)*x(2)*x(2)*x(2) +0.00260*x(1)*x(2)*x(2)*x(2)*x(2) -0.00020*x(2)*x(2)*x(2)*x(2)*x(2)
dx(2)/dt = -1.15193*x(1) +1.48357*x(2) +0.01247*x(1)*x(1) +0.03263*x(1)*x(2) -0.01608*x(2)*x(2) +0.03047*x(1)*x(1)*x(1) -1.21877*x(1)*x(1)*x(2) +0.20873*x(1)*x(2)*x(2) -0.19624*x(2)*x(2)*x(2) -0.00384*x(1)*x(1)*x(1)*x(1) -0.01316*x(1)*x(1)*x(1)*x(2) +0.00292*x(1)*x(1)*x(2)*x(2) -0.01185*x(1)*x(2)*x(2)*x(2) +0.00816*x(2)*x(2)*x(2)*x(2) -0.00680*x(1)*x(1)*x(1)*x(1)*x(1) -0.00507*x(1)*x(1)*x(1)*x(1)*x(2) +0.00014*x(1)*x(1)*x(1)*x(2)*x(2) +0.08483*x(1)*x(1)*x(2)*x(2)*x(2) -0.03620*x(1)*x(2)*x(2)*x(2)*x(2) +0.01893*x(2)*x(2)*x(2)*x(2)*x(2)
