dx(1)/dt = +0.00000*x(1) -3.08677*x(2) -0.00209*x(1)*x(1) +0.00000*x(1)*x(2) +0.00186*x(2)*x(2) -2.52060*x(1)*x(1)*x(1) +1.48162*x(1)*x(1)*x(2) -2.52056*x(1)*x(2)*x(2) +1.48162*x(2)*x(2)*x(2) +0.07330*x(1)*x(1)*x(1)*x(1) +0.00000*x(1)*x(1)*x(1)*x(2) -0.00000*x(1)*x(1)*x(2)*x(2) -0.00000*x(1)*x(2)*x(2)*x(2) -0.06722*x(2)*x(2)*x(2)*x(2) +4.79797*x(1)*x(1)*x(1)*x(1)*x(1) -10.49799*x(1)*x(1)*x(1)*x(1)*x(2) +8.93657*x(1)*x(1)*x(1)*x(2)*x(2) -19.99819*x(1)*x(1)*x(2)*x(2)*x(2) +5.01676*x(1)*x(2)*x(2)*x(2)*x(2) -10.29884*x(2)*x(2)*x(2)*x(2)*x(2) -0.00000*x(1)*x(1)*x(1)*x(1)*x(1)*x(1) +0.00000*x(1)*x(1)*x(1)*x(1)*x(1)*x(2) -0.00000*x(1)*x(1)*x(1)*x(1)*x(2)*x(2) -0.00000*x(1)*x(1)*x(1)*x(2)*x(2)*x(2) -0.00000*x(1)*x(1)*x(2)*x(2)*x(2)*x(2) +0.00000*x(1)*x(2)*x(2)*x(2)*x(2)*x(2) -0.00000*x(2)*x(2)*x(2)*x(2)*x(2)*x(2) +0.00000*x(1)*x(1)*x(1)*x(1)*x(1)*x(1)*x(1) +18.24707*x(1)*x(1)*x(1)*x(1)*x(1)*x(1)*x(2) -0.00000*x(1)*x(1)*x(1)*x(1)*x(1)*x(2)*x(2) +54.46046*x(1)*x(1)*x(1)*x(1)*x(2)*x(2)*x(2) -0.00000*x(1)*x(1)*x(1)*x(2)*x(2)*x(2)*x(2) +54.03734*x(1)*x(1)*x(2)*x(2)*x(2)*x(2)*x(2) -0.00000*x(1)*x(2)*x(2)*x(2)*x(2)*x(2)*x(2) +18.18265*x(2)*x(2)*x(2)*x(2)*x(2)*x(2)*x(2)
dx(2)/dt = +3.08583*x(1) +0.00000*x(2) +0.00755*x(1)*x(1) -0.00000*x(1)*x(2) -0.00755*x(2)*x(2) -1.48892*x(1)*x(1)*x(1) -2.52328*x(1)*x(1)*x(2) -1.48888*x(1)*x(2)*x(2) -2.52333*x(2)*x(2)*x(2) -0.07926*x(1)*x(1)*x(1)*x(1) +0.00000*x(1)*x(1)*x(1)*x(2) +0.04243*x(1)*x(1)*x(2)*x(2) -0.00000*x(1)*x(2)*x(2)*x(2) +0.06511*x(2)*x(2)*x(2)*x(2) +10.34241*x(1)*x(1)*x(1)*x(1)*x(1) +4.91808*x(1)*x(1)*x(1)*x(1)*x(2) +20.11940*x(1)*x(1)*x(1)*x(2)*x(2) +8.95139*x(1)*x(1)*x(2)*x(2)*x(2) +10.52976*x(1)*x(2)*x(2)*x(2)*x(2) +4.74185*x(2)*x(2)*x(2)*x(2)*x(2) +0.00000*x(1)*x(1)*x(1)*x(1)*x(1)*x(1) -0.00000*x(1)*x(1)*x(1)*x(1)*x(1)*x(2) +0.00000*x(1)*x(1)*x(1)*x(1)*x(2)*x(2) +0.00000*x(1)*x(1)*x(1)*x(2)*x(2)*x(2) +0.00000*x(1)*x(1)*x(2)*x(2)*x(2)*x(2) -0.00000*x(1)*x(2)*x(2)*x(2)*x(2)*x(2) +0.00000*x(2)*x(2)*x(2)*x(2)*x(2)*x(2) -18.19445*x(1)*x(1)*x(1)*x(1)*x(1)*x(1)*x(1) -0.00000*x(1)*x(1)*x(1)*x(1)*x(1)*x(1)*x(2) -53.56659*x(1)*x(1)*x(1)*x(1)*x(1)*x(2)*x(2) -0.00000*x(1)*x(1)*x(1)*x(1)*x(2)*x(2)*x(2) -54.70669*x(1)*x(1)*x(1)*x(2)*x(2)*x(2)*x(2) -0.00000*x(1)*x(1)*x(2)*x(2)*x(2)*x(2)*x(2) -18.25890*x(1)*x(2)*x(2)*x(2)*x(2)*x(2)*x(2) +0.00000*x(2)*x(2)*x(2)*x(2)*x(2)*x(2)*x(2)
