dx(1)/dt = -3.00037*x(2) - 1.00122*x(1)*x(2)*x(2) - 0.989392*x(1)*x(1)*x(1) - 0.640299*x(1)*x(1)*x(2)*x(2)*x(2) + 0.576969*x(1)*x(1)*x(1)*x(1)*x(1)*x(2)*x(2) - 0.35494*x(1)*x(2)*x(2)*x(2)*x(2)*x(2)*x(2) - 0.246829*x(2)*x(2)*x(2)*x(2)*x(2)*x(2)*x(2) + 0.129437*x(2)*x(2)*x(2)*x(2)*x(2) + 0.126404*x(1)*x(1)*x(1)*x(1)*x(2)*x(2)*x(2) + 0.098125*x(1)*x(1)*x(1)*x(1)*x(2) - 0.0903677*x(1)*x(1)*x(1)*x(1)*x(2)*x(2) - 0.0894968*x(1)*x(1)*x(1)*x(2)*x(2)*x(2)
dx(2)/dt = 2.99788*x(1) - 1.01734*x(2)*x(2)*x(2) - 0.973026*x(1)*x(1)*x(2) + 0.644291*x(1)*x(1)*x(1)*x(1)*x(1)*x(2)*x(2) - 0.303048*x(1)*x(2)*x(2)*x(2)*x(2) - 0.300069*x(1)*x(1)*x(1)*x(1)*x(1) - 0.279112*x(2)*x(2)*x(2)*x(2)*x(2)*x(2)*x(2) + 0.192118*x(1)*x(1)*x(2)*x(2)*x(2)*x(2)*x(2) - 0.14781*x(1)*x(1)*x(1)*x(1)*x(2) + 0.129611*x(1)*x(1)*x(1)*x(1)*x(1)*x(1)*x(1) + 0.122314*x(2)*x(2)*x(2)*x(2)*x(2) - 0.0860994*x(2)*x(2)*x(2)*x(2)*x(2)*x(2)
