dx(1)/dt = -0.00000·x(1) -0.00000·x(2) -0.00000·x(1)*x(1) -11.99998·x(1)*x(2) -0.00000·x(2)*x(2)
dx(2)/dt = +0.00000·x(1) -9.41998·x(2) +0.00000·x(1)*x(1) +11.99948·x(1)*x(2) +0.00000·x(2)*x(2)
