batch_size: 1024
beta_align: 0.012976433231665717
decayA_last_frac: 0.3
decayA_min_ratio: 0.2
depth: 3
dropout: 0.0
dt: 0.3
epochs_A: 80
epochs_B: 220
g_dim: 60
grad_clip: 1.0
lam_full: 2.40436246728119e-05
lam_g: 1.3581202868617866e-05
lam_phi: 3.0e-10
lrA: 0.002
lrB_end: 0.0003
lrB_start: 0.003
polyorder: 2
rollout_B: 8
width: 96
