dx(1)/dt = -5.01946*x(1) + 0.00952*x(2) + 0.57187*x(1)*x(1) + 0.34905*x(1)*x(2) + 0.00161*x(2)*x(2)
dx(2)/dt = 6.04296*x(1) - 0.32709*x(2) - 0.70200*x(1)*x(1) - 0.48533*x(1)*x(2) - 0.00217*x(2)*x(2)
