dx(1)/dt = -11.49964·x(1) +3.59032·x(2) -0.12427·x(1)*x(1) -1.86595·x(1)*x(2) -0.00972·x(2)*x(2) +31.72244·x(1)*x(1)*x(1) -4.25980·x(1)*x(1)*x(2) +27.58837·x(1)*x(2)*x(2) -9.57867·x(2)*x(2)*x(2) -0.03767·x(1)*x(1)*x(1)*x(1) +5.00859·x(1)*x(1)*x(1)*x(2) +0.99657·x(1)*x(1)*x(2)*x(2) +5.19061·x(1)*x(2)*x(2)*x(2) -0.68283·x(2)*x(2)*x(2)*x(2) -26.57195·x(1)*x(1)*x(1)*x(1)*x(1) +0.62833·x(1)*x(1)*x(1)*x(1)*x(2) -53.79653·x(1)*x(1)*x(1)*x(2)*x(2) +10.18489·x(1)*x(1)*x(2)*x(2)*x(2) -19.69561·x(1)*x(2)*x(2)*x(2)*x(2) +9.97610·x(2)*x(2)*x(2)*x(2)*x(2)
dx(2)/dt = -3.62544·x(1) -10.76201·x(2) -1.32238·x(1)*x(1) -1.15823·x(1)*x(2) -0.13473·x(2)*x(2) +8.62470·x(1)*x(1)*x(1) +26.71614·x(1)*x(1)*x(2) +7.33287·x(1)*x(2)*x(2) +29.13790·x(2)*x(2)*x(2) +4.50988·x(1)*x(1)*x(1)*x(1) +4.45130·x(1)*x(1)*x(1)*x(2) +1.97734·x(1)*x(1)*x(2)*x(2) +1.03692·x(1)*x(2)*x(2)*x(2) +1.64830·x(2)*x(2)*x(2)*x(2) -7.74189·x(1)*x(1)*x(1)*x(1)*x(1) -19.09034·x(1)*x(1)*x(1)*x(1)*x(2) -14.39354·x(1)*x(1)*x(1)*x(2)*x(2) -52.32830·x(1)*x(1)*x(2)*x(2)*x(2) -5.26552·x(1)*x(2)*x(2)*x(2)*x(2) -23.19458·x(2)*x(2)*x(2)*x(2)*x(2)
