dx(1)/dt = +40.61601*x(1) -142.04419*x(2) -16.16436*x(3) -73.20332*x(1)*x(1) -11.38695*x(1)*x(2) +111.73434*x(1)*x(3) -22.86316*x(2)*x(2) +20.52615*x(2)*x(3) -40.35010*x(3)*x(3) -6.70322*x(1)*x(1)*x(1) -304.62045*x(1)*x(1)*x(2) -44.45440*x(1)*x(1)*x(3) +187.02391*x(1)*x(2)*x(2) +582.02832*x(1)*x(2)*x(3) +34.02095*x(1)*x(3)*x(3) -24.81679*x(2)*x(2)*x(2) -155.46416*x(2)*x(2)*x(3) -117.17712*x(2)*x(3)*x(3) -13.52366*x(3)*x(3)*x(3)
dx(2)/dt = -328.58389*x(1) -111.91815*x(2) +53.57820*x(3) -168.01297*x(1)*x(1) -40.74885*x(1)*x(2) +222.46523*x(1)*x(3) -73.56588*x(2)*x(2) +72.41766*x(2)*x(3) -56.63828*x(3)*x(3) -471.46802*x(1)*x(1)*x(1) -153.85437*x(1)*x(1)*x(2) +1029.90649*x(1)*x(1)*x(3) +168.56871*x(1)*x(2)*x(2) +339.07028*x(1)*x(2)*x(3) -270.29547*x(1)*x(3)*x(3) -10.61617*x(2)*x(2)*x(2) -87.60500*x(2)*x(2)*x(3) -92.08624*x(2)*x(3)*x(3) +43.99155*x(3)*x(3)*x(3)
dx(3)/dt = 0
