dx(1)/dt = +0.00000·1 -1.02145·x(1) +2.37093·x(2) +1.24151·x(1)*x(1) -0.00000·x(1)*x(2) -1.13719·x(2)*x(2) -10.06829·x(1)*x(1)*x(1) -0.00000·x(1)*x(1)*x(2) +25.64730·x(1)*x(2)*x(2) -0.00000·x(2)*x(2)*x(2)
dx(2)/dt = +0.07242·1 -2.50871·x(1) -0.00000·x(2) +1.21176·x(1)*x(1) -0.00000·x(1)*x(2) -1.39224·x(2)*x(2) -8.40297·x(1)*x(1)*x(1) -0.00000·x(1)*x(1)*x(2) +24.17381·x(1)*x(2)*x(2) -0.00000·x(2)*x(2)*x(2)
