dx(1)/dt = +0.01352*x(1) +0.88146*x(2) -0.33912*x(1)^2 +0.10106*x(1) x(2) -0.01512*x(2)^2
dx(2)/dt = -19.06229*x(1) -0.07056*x(2) +0.38449*x(1)^2 +0.41283*x(1) x(2) +0.05380*x(2)^2
