batch_size: 32
beta_align: 0.06229557042460939
decayA_last_frac: 0.3
decayA_min_ratio: 0.2
depth: 3
dropout: 0.45
dt: 0.3
epochs_A: 100
epochs_B: 220
g_dim: 60
grad_clip: 1.0
lam_full: 5.227562579305353e-07
lam_g: 4.442237045855074e-07
lam_phi: 3.0e-10
lrA: 0.002
lrB_end: 0.0003
lrB_start: 0.003
polyorder: 2
rollout_B: 8
width: 64
