dx(1)/dt = +0.01124*x(1) +1.01028*x(2) -0.00034*x(1)*x(1) -0.00141*x(1)*x(2) -0.00021*x(2)*x(2) -0.00147*x(1)*x(1)*x(1) +0.00407*x(1)*x(1)*x(2) -0.00224*x(1)*x(2)*x(2) -0.00154*x(2)*x(2)*x(2) +0.00001*x(1)*x(1)*x(1)*x(1) +0.00005*x(1)*x(1)*x(1)*x(2) +0.00011*x(1)*x(1)*x(2)*x(2) +0.00010*x(1)*x(2)*x(2)*x(2) -0.00000*x(2)*x(2)*x(2)*x(2) +0.00003*x(1)*x(1)*x(1)*x(1)*x(1) -0.00065*x(1)*x(1)*x(1)*x(1)*x(2) -0.00001*x(1)*x(1)*x(1)*x(2)*x(2) -0.00051*x(1)*x(1)*x(2)*x(2)*x(2) +0.00009*x(1)*x(2)*x(2)*x(2)*x(2) +0.00004*x(2)*x(2)*x(2)*x(2)*x(2)
dx(2)/dt = -1.13860*x(1) +1.09484*x(2) +0.00350*x(1)*x(1) +0.00685*x(1)*x(2) -0.00239*x(2)*x(2) +0.01875*x(1)*x(1)*x(1) -1.17043*x(1)*x(1)*x(2) +0.04095*x(1)*x(2)*x(2) -0.00011*x(2)*x(2)*x(2) -0.00010*x(1)*x(1)*x(1)*x(1) +0.00008*x(1)*x(1)*x(1)*x(2) -0.00015*x(1)*x(1)*x(2)*x(2) -0.00056*x(1)*x(2)*x(2)*x(2) +0.00014*x(2)*x(2)*x(2)*x(2) -0.00009*x(1)*x(1)*x(1)*x(1)*x(1) +0.01918*x(1)*x(1)*x(1)*x(1)*x(2) -0.00095*x(1)*x(1)*x(1)*x(2)*x(2) +0.00699*x(1)*x(1)*x(2)*x(2)*x(2) -0.00216*x(1)*x(2)*x(2)*x(2)*x(2) -0.00018*x(2)*x(2)*x(2)*x(2)*x(2)
