dx0/dt = -1.317531*x0*x1 - 0.897938*x0 + 40.824376*x0**3.0*x1 + 68.349495*x0**3.0*x1**2.0 - 102.117249*x0**4.0*x1 - 0.002408*x0**4.0 - 0.002408*x0**5.0 + 833.60015*x0**6.0*x1**2.0 - 1616.363921*x0**7.0*x1 + 66.348622*x0**8.0 + 2.33506*x1 - 0.002408
dx1/dt = -0.632381*x0**2.0*x1 + 2.236404*(-x0)**2.0 + (0.572521*x0 + 0.897039*x1**3.0 + 0.762345)**2.0*(-2.242676*x0 + 0.222683*x1 + 0.648887*x1**3.0 - 0.990752) + 0.635791
