dx(1)/dt = -0.00269·1 -0.90707·x(1) +2.61999·x(2) +12.98042·x(1)*x(1) -87.35890·x(1)*x(2) -11.53025·x(2)*x(2) -419.67852·x(1)*x(1)*x(1) +5164.99800·x(1)*x(1)*x(2) +1512.48521·x(1)*x(2)*x(2) -616.57944·x(2)*x(2)*x(2)
dx(2)/dt = +0.06568·1 -2.09061·x(1) -0.64565·x(2) -16.95709·x(1)*x(1) +86.38831·x(1)*x(2) -3.35193·x(2)*x(2) +439.75897·x(1)*x(1)*x(1) -3860.25505·x(1)*x(1)*x(2) -154.08609·x(1)*x(2)*x(2) +1190.23445·x(2)*x(2)*x(2)
