dx(1)/dt = -4.01732*x(1)*x(1)*x(2)*x(2)*x(2) - 3.41269*x(2)*x(2)*x(2)*x(2)*x(2) - 2.78228*x(1)*x(2)*x(2)*x(2)*x(2) + 2.68933*x(2) + 2.24421*x(2)*x(2)*x(2)*x(2)*x(2)*x(2)*x(2) + 1.88001*x(1)*x(1)*x(2) - 1.54339*x(1)*x(1)*x(1) + 1.48467*x(1)*x(1)*x(2)*x(2)*x(2)*x(2)*x(2) + 1.36032*x(1)*x(1)*x(1)*x(2)*x(2)*x(2)*x(2) + 1.25034*x(1)*x(1)*x(1)*x(1)*x(2)*x(2)*x(2) + 1.12252*x(1)*x(2)*x(2)*x(2)*x(2)*x(2)*x(2) + 0.725888*x(1)*x(2)*x(2)
dx(2)/dt = 3.40799*x(1)*x(1)*x(1)*x(2)*x(2) - 2.70438*x(1) + 2.36572*x(1)*x(1)*x(1)*x(1)*x(1) - 2.07169*x(1)*x(1)*x(1)*x(1)*x(2) - 1.58826*x(2)*x(2)*x(2) - 1.51484*x(1)*x(1)*x(1)*x(1)*x(1)*x(1)*x(1) - 1.46958*x(1)*x(2)*x(2) - 1.46152*x(1)*x(1)*x(1)*x(2)*x(2)*x(2)*x(2) + 1.23305*x(1)*x(1)*x(1)*x(1)*x(2)*x(2)*x(2) - 1.08219*x(1)*x(1)*x(1)*x(1)*x(1)*x(2)*x(2) + 0.486777*x(1)*x(1)*x(1)*x(1)*x(1)*x(1)*x(2) + 0.478374*x(1)*x(1)*x(2)
