dx(1)/dt = 2.00509*x(2) - 1.49749*x(1)*x(2)*x(2) + 1.2835*x(1) - 1.19744*x(1)*x(1)*x(1) + 0.663526*x(1)*x(1)*x(2) + 0.349508*x(1)*x(1)*x(1)*x(2)*x(2) + 0.32966*x(2)*x(2)*x(2) - 0.29271*x(1)*x(1)*x(2)*x(2)*x(2) - 0.155895*x(1)*x(1)*x(1)*x(1)*x(2) + 0.136893*x(1)*x(2)*x(2)*x(2)*x(2) - 0.0833549*x(1)*x(1)*x(1)*x(1)*x(1) + 0.077028*x(2)*x(2)*x(2)*x(2)*x(2)
dx(2)/dt = -1.99102*x(1) - 1.57928*x(1)*x(1)*x(2) + 1.37104*x(2) - 1.34814*x(2)*x(2)*x(2) - 0.671843*x(1)*x(2)*x(2) + 0.406379*x(1)*x(1)*x(2)*x(2)*x(2) - 0.34921*x(1)*x(1)*x(1) + 0.259553*x(1)*x(1)*x(1)*x(2)*x(2) + 0.166238*x(1)*x(2)*x(2)*x(2)*x(2) + 0.120948*x(1)*x(1)*x(1)*x(1)*x(2) - 0.0712222*x(1)*x(1)*x(1)*x(1)*x(1) - 0.0241745*x(2)*x(2)*x(2)*x(2)*x(2) + 0.0132078*x(1)*x(1)*x(1)*x(1) - 0.0118788*x(1)*x(1)
