dx(1)/dt = -2.64484*x(1)*x(2)*x(2) + 2.14131*x(1) - 1.86356*x(1)*x(1)*x(1) + 0.881962*x(1)*x(1)*x(1)*x(2)*x(2) + 0.290918*x(1)*x(2)*x(2)*x(2)*x(2) - 0.275162*x(1)*x(1)*x(1)*x(1)*x(1) - 0.261425*x(1)*x(1)*x(2) - 0.191657*x(2)*x(2)*x(2) + 0.125064*x(1)*x(1)*x(2)*x(2)*x(2) + 0.0390168*x(2)*x(2) - 0.0369043*x(2)*x(2)*x(2)*x(2) - 0.0302482*x(1)*x(1) + 0.0278588*x(1)*x(1)*x(1)*x(1) + 0.0224577*x(2) + 0.013516*x(2)*x(2)*x(2)*x(2)*x(2) + 0.0108914*x(1)*x(1)*x(2)*x(2)
dx(2)/dt = -2.82227*x(1)*x(1)*x(2) + 2.32245*x(2) - 2.15451*x(2)*x(2)*x(2) + 1.02539*x(1)*x(1)*x(2)*x(2)*x(2) + 0.276605*x(1)*x(1)*x(1)*x(1)*x(2) + 0.249936*x(1) - 0.214289*x(1)*x(1)*x(1) - 0.168867*x(2)*x(2)*x(2)*x(2)*x(2) + 0.126833*x(1)*x(1)*x(1)*x(1)*x(1) - 0.0678184*x(1)*x(2)*x(2) + 0.0626174*x(1)*x(2)*x(2)*x(2)*x(2) - 0.0340843*x(1)*x(1)*x(1)*x(2)*x(2) + 0.0337904*x(1)*x(2) - 0.0240116*x(1)*x(2)*x(2)*x(2) - 0.016174*x(1)*x(1)*x(1)*x(2)
