dx(1)/dt = 2.68822*x(2) - 1.15949*x(1)*x(2)*x(2) - 1.08891*x(1)*x(1)*x(1) + 1.06091*x(1) + 0.282541*x(1)*x(1)*x(2) + 0.187054*x(1)*x(1)*x(1)*x(2)*x(2) - 0.171466*x(1)*x(1)*x(2)*x(2)*x(2) + 0.16651*x(2)*x(2)*x(2) - 0.0840532*x(1)*x(1)*x(1)*x(1)*x(2) + 0.0647392*x(1)*x(2)*x(2)*x(2)*x(2) + 0.0246145*x(1)*x(1)*x(1)*x(1)*x(1)
dx(2)/dt = -2.7032*x(1) - 1.16674*x(1)*x(1)*x(2) - 1.1149*x(2)*x(2)*x(2) + 1.0757*x(2) - 0.268319*x(1)*x(2)*x(2) + 0.196474*x(1)*x(1)*x(2)*x(2)*x(2) + 0.158018*x(1)*x(1)*x(1)*x(2)*x(2) - 0.138881*x(1)*x(1)*x(1) + 0.0805628*x(1)*x(2)*x(2)*x(2)*x(2) + 0.0569943*x(1)*x(1)*x(1)*x(1)*x(2) + 0.0351544*x(2)*x(2)*x(2)*x(2)*x(2) - 0.0112131*x(1)*x(1)*x(1)*x(1)*x(1)
