dx(1)/dt = -2.90475*x(1)*x(2)*x(2) + 2.29018*x(1) - 1.93512*x(1)*x(1)*x(1) + 0.864863*x(1)*x(1)*x(1)*x(2)*x(2) + 0.760363*x(2) + 0.415602*x(1)*x(1)*x(2) + 0.356749*x(1)*x(2)*x(2)*x(2)*x(2) - 0.320661*x(1)*x(1)*x(1)*x(1)*x(1) + 0.271224*x(2)*x(2)*x(2)*x(2)*x(2) - 0.243377*x(1)*x(1)*x(2)*x(2)*x(2) - 0.104051*x(2)*x(2)*x(2) + 0.035501*x(1)*x(1)*x(1)*x(1) - 0.0348556*x(1)*x(1) + 0.0307048*x(2)*x(2) - 0.0300885*x(1)*x(1)*x(1)*x(1)*x(2) + 0.0263459*x(1)*x(1)*x(1)*x(2) - 0.0242094*x(2)*x(2)*x(2)*x(2) - 0.0181882*x(1)*x(2)
dx(2)/dt = -3.19588*x(1)*x(1)*x(2) + 2.59527*x(2) - 2.43117*x(2)*x(2)*x(2) + 1.07219*x(1)*x(1)*x(2)*x(2)*x(2) - 0.592662*x(1)*x(2)*x(2) - 0.588984*x(1) + 0.335876*x(1)*x(1)*x(1)*x(1)*x(2) + 0.277242*x(1)*x(1)*x(1)*x(2)*x(2) - 0.193514*x(1)*x(1)*x(1)*x(1)*x(1) - 0.144502*x(2)*x(2)*x(2)*x(2)*x(2) - 0.14423*x(1)*x(1)*x(1) + 0.0526539*x(1)*x(2)*x(2)*x(2)*x(2) - 0.046091*x(1)*x(1) + 0.0421083*x(1)*x(1)*x(1)*x(1) + 0.0361254*x(2)*x(2) - 0.0286757*x(1)*x(2)*x(2)*x(2) - 0.0268471*x(2)*x(2)*x(2)*x(2) + 0.0152905*x(1)*x(2)
