dx(1)/dt = -2.98326*x(1)*x(2)*x(2) + 2.401*x(1) - 2.07439*x(1)*x(1)*x(1) + 0.906804*x(1)*x(1)*x(1)*x(2)*x(2) + 0.371488*x(1)*x(2)*x(2)*x(2)*x(2) + 0.352311*x(2) - 0.310659*x(1)*x(1)*x(1)*x(1)*x(1) + 0.238983*x(1)*x(1)*x(2) - 0.130082*x(1)*x(1)*x(1)*x(1)*x(2) + 0.128268*x(2)*x(2)*x(2) + 0.0549935*x(2)*x(2)*x(2)*x(2)*x(2) + 0.0363961*x(2)*x(2) - 0.0347065*x(1)*x(2) - 0.0329949*x(2)*x(2)*x(2)*x(2) - 0.0318996*x(1)*x(1) + 0.031197*x(1)*x(1)*x(1)*x(1) + 0.021815*x(1)*x(1)*x(1)*x(2) + 0.0185082*x(1)*x(2)*x(2)*x(2)
dx(2)/dt = -3.31462*x(1)*x(1)*x(2) + 2.71411*x(2) - 2.57052*x(2)*x(2)*x(2) + 1.08988*x(1)*x(1)*x(2)*x(2)*x(2) - 0.428588*x(1)*x(2)*x(2) - 0.418999*x(1)*x(1)*x(1) + 0.393898*x(1)*x(1)*x(1)*x(1)*x(2) - 0.144665*x(1) - 0.125235*x(2)*x(2)*x(2)*x(2)*x(2) + 0.119724*x(1)*x(2)*x(2)*x(2)*x(2) + 0.087323*x(1)*x(1)*x(1)*x(2)*x(2) - 0.034548*x(1)*x(1) + 0.0334719*x(1)*x(1)*x(1)*x(1) - 0.0319025*x(1)*x(2)*x(2)*x(2) + 0.0282245*x(1)*x(1)*x(1)*x(1)*x(1) + 0.0258602*x(1)*x(2)
