dx(1)/dt = -2.1966*x(1)*x(2)*x(2) + 1.79093*x(1) - 1.5297*x(1)*x(1)*x(1) + 1.28627*x(2) + 0.765473*x(1)*x(1)*x(2) + 0.696843*x(1)*x(1)*x(1)*x(2)*x(2) - 0.357965*x(1)*x(1)*x(2)*x(2)*x(2) - 0.262646*x(1)*x(1)*x(1)*x(1)*x(1) + 0.244739*x(2)*x(2)*x(2) + 0.205029*x(2)*x(2)*x(2)*x(2)*x(2) + 0.184027*x(1)*x(2)*x(2)*x(2)*x(2) - 0.115671*x(1)*x(1)*x(1)*x(1)*x(2) + 0.0121303*x(1)*x(1)*x(1)*x(2)
dx(2)/dt = -2.45072*x(1)*x(1)*x(2) + 2.04057*x(2) - 1.91977*x(2)*x(2)*x(2) - 1.24845*x(1) - 0.831297*x(1)*x(2)*x(2) + 0.811715*x(1)*x(1)*x(2)*x(2)*x(2) + 0.350592*x(1)*x(1)*x(1)*x(2)*x(2) - 0.275019*x(1)*x(1)*x(1) - 0.204888*x(1)*x(1)*x(1)*x(1)*x(1) + 0.20301*x(1)*x(1)*x(1)*x(1)*x(2) + 0.120887*x(1)*x(2)*x(2)*x(2)*x(2) - 0.11327*x(2)*x(2)*x(2)*x(2)*x(2) - 0.0347368*x(1)*x(1) + 0.0295308*x(1)*x(1)*x(1)*x(1) - 0.028522*x(2)*x(2)*x(2)*x(2) + 0.0248091*x(2)*x(2) + 0.014058*x(1)*x(1)*x(2)*x(2)
