dx(1)/dt = -0.00001·x(1) +0.99997·x(2) -0.00000·x(1)*x(1) +0.00002·x(1)*x(2) -0.00001·x(2)*x(2) +0.00002·x(1)*x(1)*x(1) +0.00032·x(1)*x(1)*x(2) -0.00019·x(1)*x(2)*x(2) -0.00003·x(2)*x(2)*x(2) -0.00000·x(1)*x(1)*x(1)*x(1) -0.00000·x(1)*x(1)*x(1)*x(2) +0.00001·x(1)*x(1)*x(2)*x(2) -0.00001·x(1)*x(2)*x(2)*x(2) +0.00000·x(2)*x(2)*x(2)*x(2) -0.00000·x(1)*x(1)*x(1)*x(1)*x(1) +0.00001·x(1)*x(1)*x(1)*x(1)*x(2) +0.00025·x(1)*x(1)*x(1)*x(2)*x(2) -0.00021·x(1)*x(1)*x(2)*x(2)*x(2) -0.00005·x(1)*x(2)*x(2)*x(2)*x(2) +0.00002·x(2)*x(2)*x(2)*x(2)*x(2)
dx(2)/dt = -1.00297·x(1) +1.00119·x(2) +0.00004·x(1)*x(1) +0.00002·x(1)*x(2) -0.00017·x(2)*x(2) -0.00042·x(1)*x(1)*x(1) -1.00216·x(1)*x(1)*x(2) +0.01002·x(1)*x(2)*x(2) -0.00321·x(2)*x(2)*x(2) -0.00000·x(1)*x(1)*x(1)*x(1) +0.00003·x(1)*x(1)*x(1)*x(2) +0.00004·x(1)*x(1)*x(2)*x(2) -0.00009·x(1)*x(2)*x(2)*x(2) +0.00004·x(2)*x(2)*x(2)*x(2) -0.00000·x(1)*x(1)*x(1)*x(1)*x(1) -0.00046·x(1)*x(1)*x(1)*x(1)*x(2) -0.00033·x(1)*x(1)*x(1)*x(2)*x(2) +0.00613·x(1)*x(1)*x(2)*x(2)*x(2) -0.00406·x(1)*x(2)*x(2)*x(2)*x(2) +0.00052·x(2)*x(2)*x(2)*x(2)*x(2)
