dx(1)/dt = 2.3999*x(2) - 1.00101*x(1) + 0.98595*x(1)*x(1)*x(2) + 0.0257401*x(1)*x(2)*x(2) + 0.00333737*x(2)*x(2)*x(2) + 0.00240551*x(1)*x(2) + 0.00237569*x(1)*x(1) + 0.00120466*x(1)*x(1)*x(1) - 0.000111829*x(2)*x(2) - 4.57825e-05*1
dx(2)/dt = -2.39948*x(1) - 0.983099*x(1)*x(1)*x(2) + 0.0700334*1 - 0.0145857*x(1)*x(2)*x(2) - 0.00597264*x(2)*x(2)*x(2) - 0.00293468*x(1)*x(1)*x(1) - 0.00278489*x(1)*x(2) - 0.00177572*x(1)*x(1) + 0.000297233*x(2)*x(2) - 0.000217666*x(2)
