dx(1)/dt = -0.84165*x(1) + 2.18281*x(2) - 0.32155*x(1)*x(1) - 1.26303*x(1)*x(2) + 0.40619*x(2)*x(2) + 0.00370*x(1)*x(1)*x(1) - 0.53327*x(1)*x(1)*x(2) - 4.95402*x(1)*x(2)*x(2) + 3.43450*x(2)*x(2)*x(2)
dx(2)/dt = 0.06435*1 - 2.23811*x(1) + 0.13147*x(2) - 1.07581*x(1)*x(1) + 0.26773*x(1)*x(2) + 0.21009*x(2)*x(2) + 2.11967*x(1)*x(1)*x(1) - 5.57527*x(1)*x(1)*x(2) - 0.17666*x(1)*x(2)*x(2) + 0.71617*x(2)*x(2)*x(2)
