dx0/dt = -0.832242*x0 + 6.132661*x0**2.0*x1**2.0 + 8.761345*x0**3.0*x1 - 31.381462*x0**3.0*x1**2.0 - 4.444178*x0**4.0*x1 + 55.405382*x0**4.0*x1**4.0 - 1506.920078*x0**5.0*x1**3.0 + 156.333636*x0**6.0*x1**2.0 + 2.237187*x1 - 0.003438
dx1/dt = -0.000187*x0*x1**3.0*(104979.60988*x0 + 26948.127978) + (0.45613*x0 + 0.432574)*(-0.418458*x1**3.0 - 1.153192) + (0.195695*x1 - 3.720296)*(0.45613*x0 - 0.030958*x1 - 0.028472) + 0.45613
