dx(1)/dt = -0.832242*x(1) + 6.132661*x(1)*x(1).0*x(2)*x(2).0 + 8.761345*x(1)*x(1)*x(1).0*x(2) - 31.381462*x(1)*x(1)*x(1).0*x(2)*x(2).0 - 4.444178*x(1)*x(1)*x(1)*x(1).0*x(2) + 55.405382*x(1)*x(1)*x(1)*x(1).0*x(2)*x(2)*x(2)*x(2).0 - 1506.920078*x(1)*x(1)*x(1)*x(1)*x(1).0*x(2)*x(2)*x(2).0 + 156.333636*x(1)*x(1)*x(1)*x(1)*x(1)*x(1).0*x(2)*x(2).0 + 2.237187*x(2) - 0.003438
dx(2)/dt = -19.63118704756*x(1)*x(1)*x(2)*x(2)*x(2).0 + 0.08926236035*x(1)*x(2) - 5.230171179426*x(1)*x(2)*x(2)*x(2).0 - 2.22294408144*x(1) - 0.00605832581*x(2)*x(2) + 0.109601095528*x(2) - 0.181014050892*x(2)*x(2)*x(2).0 + 0.063213391504
