dx(1)/dt = -0.01958*x(1) -1.75238*x(2) +0.06388*x(1)*x(1) +0.05005*x(1)*x(2) -0.04784*x(2)*x(2) +1.58057*x(1)*x(1)*x(1) +2.17428*x(1)*x(1)*x(2) +2.85604*x(1)*x(2)*x(2) +1.64627*x(2)*x(2)*x(2) -1.86711*x(1)*x(1)*x(1)*x(1) -0.48253*x(1)*x(1)*x(1)*x(2) +2.69944*x(1)*x(1)*x(2)*x(2) +0.61651*x(1)*x(2)*x(2)*x(2) +0.20718*x(2)*x(2)*x(2)*x(2) -5.61336*x(1)*x(1)*x(1)*x(1)*x(1) -27.06071*x(1)*x(1)*x(1)*x(1)*x(2) -31.17942*x(1)*x(1)*x(1)*x(2)*x(2) -2.74076*x(1)*x(1)*x(2)*x(2)*x(2) -14.19832*x(1)*x(2)*x(2)*x(2)*x(2) -8.79953*x(2)*x(2)*x(2)*x(2)*x(2) +9.89545*x(1)*x(1)*x(1)*x(1)*x(1)*x(1) +4.52986*x(1)*x(1)*x(1)*x(1)*x(1)*x(2) -7.67456*x(1)*x(1)*x(1)*x(1)*x(2)*x(2) -2.15378*x(1)*x(1)*x(1)*x(2)*x(2)*x(2) -6.63350*x(1)*x(1)*x(2)*x(2)*x(2)*x(2) -2.90419*x(1)*x(2)*x(2)*x(2)*x(2)*x(2) +0.15223*x(2)*x(2)*x(2)*x(2)*x(2)*x(2) -12.52309*x(1)*x(1)*x(1)*x(1)*x(1)*x(1)*x(1) +43.84523*x(1)*x(1)*x(1)*x(1)*x(1)*x(1)*x(2) +57.12434*x(1)*x(1)*x(1)*x(1)*x(1)*x(2)*x(2) +9.12145*x(1)*x(1)*x(1)*x(1)*x(2)*x(2)*x(2) +29.97746*x(1)*x(1)*x(1)*x(2)*x(2)*x(2)*x(2) +18.53931*x(1)*x(1)*x(2)*x(2)*x(2)*x(2)*x(2) +11.04937*x(1)*x(2)*x(2)*x(2)*x(2)*x(2)*x(2) +6.03444*x(2)*x(2)*x(2)*x(2)*x(2)*x(2)*x(2)
dx(2)/dt = +1.70420*x(1) +0.02094*x(2) +0.07874*x(1)*x(1) -0.09651*x(1)*x(2) -0.03529*x(2)*x(2) -0.60157*x(1)*x(1)*x(1) +1.42109*x(1)*x(1)*x(2) -0.69041*x(1)*x(2)*x(2) +0.98095*x(2)*x(2)*x(2) -1.19768*x(1)*x(1)*x(1)*x(1) +0.42202*x(1)*x(1)*x(1)*x(2) +2.51693*x(1)*x(1)*x(2)*x(2) -0.34116*x(1)*x(2)*x(2)*x(2) +0.64718*x(2)*x(2)*x(2)*x(2) +2.92441*x(1)*x(1)*x(1)*x(1)*x(1) -2.90732*x(1)*x(1)*x(1)*x(1)*x(2) +0.40769*x(1)*x(1)*x(1)*x(2)*x(2) -36.17610*x(1)*x(1)*x(2)*x(2)*x(2) +21.73382*x(1)*x(2)*x(2)*x(2)*x(2) -2.78139*x(2)*x(2)*x(2)*x(2)*x(2) +5.21983*x(1)*x(1)*x(1)*x(1)*x(1)*x(1) +3.33528*x(1)*x(1)*x(1)*x(1)*x(1)*x(2) -15.78673*x(1)*x(1)*x(1)*x(1)*x(2)*x(2) -5.54681*x(1)*x(1)*x(1)*x(2)*x(2)*x(2) -1.46016*x(1)*x(1)*x(2)*x(2)*x(2)*x(2) +7.13430*x(1)*x(2)*x(2)*x(2)*x(2)*x(2) -3.69981*x(2)*x(2)*x(2)*x(2)*x(2)*x(2) +4.64134*x(1)*x(1)*x(1)*x(1)*x(1)*x(1)*x(1) -8.94659*x(1)*x(1)*x(1)*x(1)*x(1)*x(1)*x(2) -18.99170*x(1)*x(1)*x(1)*x(1)*x(1)*x(2)*x(2) +38.49202*x(1)*x(1)*x(1)*x(1)*x(2)*x(2)*x(2) -2.52147*x(1)*x(1)*x(1)*x(2)*x(2)*x(2)*x(2) +57.74396*x(1)*x(1)*x(2)*x(2)*x(2)*x(2)*x(2) -38.50869*x(1)*x(2)*x(2)*x(2)*x(2)*x(2)*x(2) -14.70086*x(2)*x(2)*x(2)*x(2)*x(2)*x(2)*x(2)
