batch_size: 1024
beta_align: 0.0022792339354961643
decayA_last_frac: 0.3
decayA_min_ratio: 0.2
depth: 7
dropout: 0.19999999999999998
dt: 0.4
epochs_A: 200
epochs_B: 340
g_dim: 30
grad_clip: 1.0
lam_full: 4.5944959057637034e-07
lam_g: 4.3528702160608037e-07
lam_phi: 3.0e-10
lrA: 0.002
lrB_end: 0.0003
lrB_start: 0.003
polyorder: 7
rollout_B: 16
width: 64
