dx(1)/dt = +0.02799·x(1) +1.05106·x(2) -0.11907·x(1)*x(1) +0.05368·x(1)*x(2) -0.00461·x(2)*x(2)
dx(2)/dt = -21.35241·x(1) +0.42172·x(2) +1.15617·x(1)*x(1) +0.35342·x(1)*x(2) +0.01519·x(2)*x(2)
