dx(1)/dt = 0.847616*x(1) - 0.4368*x(1)*x(2) - 0.160162*x(1)*x(1) - 0.0173299*x(2) + 0.00100427*x(2)*x(2)
dx(2)/dt = 0.434672*x(1)*x(2) - 0.36954*x(2) - 0.272873*x(1) + 0.0975985*x(1)*x(1) + 0.00330243*x(2)*x(2)
