dx(1)/dt = 2.48034*x(2) + 0.893106*x(2)*x(2)*x(2) + 0.772549*x(1) - 0.749341*x(1)*x(2)*x(2) - 0.674635*x(1)*x(1)*x(1) - 0.377787*x(2)*x(2)*x(2)*x(2)*x(2) + 0.344883*x(1)*x(1)*x(2) + 0.20849*x(1)*x(1)*x(1)*x(1)*x(2) - 0.202736*x(1)*x(1)*x(2)*x(2)*x(2) - 0.118501*x(1)*x(1)*x(1)*x(2)*x(2) - 0.0896087*x(1)*x(1)*x(1)*x(1)*x(1) - 0.0685354*x(1)*x(2)*x(2)*x(2)*x(2)
dx(2)/dt = -3.24918*x(1) - 1.02987*x(1)*x(1)*x(2) + 0.798585*x(2) - 0.730243*x(2)*x(2)*x(2) + 0.610905*x(1)*x(2)*x(2) - 0.372493*x(1)*x(2)*x(2)*x(2)*x(2) - 0.319858*x(1)*x(1)*x(1)*x(2)*x(2) + 0.213877*x(1)*x(1)*x(1)*x(1)*x(2) + 0.170492*x(1)*x(1)*x(1) + 0.110128*x(1)*x(1)*x(2)*x(2)*x(2) + 0.0888729*x(1)*x(1)*x(1)*x(1)*x(1) - 0.0629602*x(1)*x(1)*x(1)*x(2)
