dx(1)/dt = -0.00000·x(1) +0.02778·x(2) +0.00001·x(1)*x(1) +0.00000·x(1)*x(2) -0.00000·x(2)*x(2)
dx(2)/dt = -0.50181·x(1) -0.01971·x(2) -4.54168·x(1)*x(1) +7.85141·x(1)*x(2) +0.21254·x(2)*x(2)
