dx(1)/dt = -0.00000·x(1) +0.02778·x(2) +0.00001·x(1)*x(1) +0.00000·x(1)*x(2) -0.00000·x(2)*x(2)
dx(2)/dt = -0.50097·x(1) -0.02158·x(2) -4.52750·x(1)*x(1) +7.79201·x(1)*x(2) +0.21183·x(2)*x(2)
