batch_size: 1024
beta_align: 0.025668904022724467
decayA_last_frac: 0.3
decayA_min_ratio: 0.2
depth: 3
dropout: 0.05
dt: 2.25
epochs_A: 90
epochs_B: 140
g_dim: 60
grad_clip: 1.0
lam_full: 1.3505131055447146e-06
lam_g: 4.98451166905789e-07
lam_phi: 3.0e-10
lrA: 0.002
lrB_end: 0.0003
lrB_start: 0.003
polyorder: 2
rollout_B: 1
width: 192
