dx(1)/dt = +0.00007*x(1) -0.00025*x(2) +0.00000*x(1)*x(1) -0.00004*x(1)*x(2) -0.00045*x(2)*x(2)
dx(2)/dt = +0.00070*x(1) -0.04032*x(2) +0.00001*x(1)*x(1) -0.00037*x(1)*x(2) -0.05797*x(2)*x(2)
