dx(1)/dt = +1.03389*x(1) -9.77841*x(2) +3.18556*x(3) +1.33126*x(1)*x(1) +3.27861*x(1)*x(2) -1.61796*x(1)*x(3) +3.48608*x(2)*x(2) +5.62569*x(2)*x(3) -3.11795*x(3)*x(3) -2.28303*x(1)*x(1)*x(1) +5.31987*x(1)*x(1)*x(2) -1.84545*x(1)*x(1)*x(3) -0.38923*x(1)*x(2)*x(2) -1.19247*x(1)*x(2)*x(3) +0.84645*x(1)*x(3)*x(3) -0.84546*x(2)*x(2)*x(2) -8.93100*x(2)*x(2)*x(3) -8.04817*x(2)*x(3)*x(3) +2.61623*x(3)*x(3)*x(3)
dx(2)/dt = -0.05535*x(1) +6.33598*x(2) +5.04663*x(3) +6.52051*x(1)*x(1) -3.86521*x(1)*x(2) +6.14327*x(1)*x(3) -7.94532*x(2)*x(2) -2.03141*x(2)*x(3) -11.26827*x(3)*x(3) -2.59634*x(1)*x(1)*x(1) -3.37370*x(1)*x(1)*x(2) -0.32139*x(1)*x(1)*x(3) -3.31100*x(1)*x(2)*x(2) +3.63271*x(1)*x(2)*x(3) -0.01866*x(1)*x(3)*x(3) +1.27850*x(2)*x(2)*x(2) +0.40915*x(2)*x(2)*x(3) +5.22196*x(2)*x(3)*x(3) +4.11684*x(3)*x(3)*x(3)
dx(3)/dt = -0.00000*x(1) -0.00000*x(2) -0.00000*x(3) -0.00000*x(1)*x(1) +0.00000*x(1)*x(2) +0.00000*x(1)*x(3) +0.00000*x(2)*x(2) +0.00000*x(2)*x(3) +0.00000*x(3)*x(3) +0.00000*x(1)*x(1)*x(1) -0.00000*x(1)*x(1)*x(2) +0.00000*x(1)*x(1)*x(3) +0.00000*x(1)*x(2)*x(2) -0.00000*x(1)*x(2)*x(3) -0.00000*x(1)*x(3)*x(3) +0.00000*x(2)*x(2)*x(2) +0.00000*x(2)*x(2)*x(3) -0.00000*x(2)*x(3)*x(3) -0.00000*x(3)*x(3)*x(3)
