dx(1)/dt = +2.28982*x(1) +0.76120*x(2) -0.03448*x(1)*x(1) -0.02319*x(1)*x(2) +0.03135*x(2)*x(2) -1.93485*x(1)*x(1)*x(1) +0.41436*x(1)*x(1)*x(2) -2.90354*x(1)*x(2)*x(2) -0.10550*x(2)*x(2)*x(2) +0.03691*x(1)*x(1)*x(1)*x(1) +0.02477*x(1)*x(1)*x(1)*x(2) -0.00990*x(1)*x(1)*x(2)*x(2) +0.00977*x(1)*x(2)*x(2)*x(2) -0.02307*x(2)*x(2)*x(2)*x(2) -0.32061*x(1)*x(1)*x(1)*x(1)*x(1) -0.02977*x(1)*x(1)*x(1)*x(1)*x(2) +0.86427*x(1)*x(1)*x(1)*x(2)*x(2) -0.24220*x(1)*x(1)*x(2)*x(2)*x(2) +0.35584*x(1)*x(2)*x(2)*x(2)*x(2) +0.27181*x(2)*x(2)*x(2)*x(2)*x(2)
dx(2)/dt = -0.58936*x(1) +2.59517*x(2) -0.04594*x(1)*x(1) +0.01522*x(1)*x(2) +0.03625*x(2)*x(2) -0.14376*x(1)*x(1)*x(1) -3.19582*x(1)*x(1)*x(2) -0.59202*x(1)*x(2)*x(2) -2.43105*x(2)*x(2)*x(2) +0.04260*x(1)*x(1)*x(1)*x(1) +0.00000*x(1)*x(1)*x(1)*x(2) -0.00350*x(1)*x(1)*x(2)*x(2) -0.02857*x(1)*x(2)*x(2)*x(2) -0.02633*x(2)*x(2)*x(2)*x(2) -0.19362*x(1)*x(1)*x(1)*x(1)*x(1) +0.33587*x(1)*x(1)*x(1)*x(1)*x(2) +0.27694*x(1)*x(1)*x(1)*x(2)*x(2) +1.07228*x(1)*x(1)*x(2)*x(2)*x(2) +0.05238*x(1)*x(2)*x(2)*x(2)*x(2) -0.14453*x(2)*x(2)*x(2)*x(2)*x(2)
