dx(1)/dt = +1.57673·x(1) +1.57939·x(2) -0.01190·x(1)*x(1) -0.00945·x(1)*x(2) +0.01314·x(2)*x(2) -1.44780·x(1)*x(1)*x(1) +0.72230·x(1)*x(1)*x(2) -1.88714·x(1)*x(2)*x(2) +0.45077·x(2)*x(2)*x(2) +0.01187·x(1)*x(1)*x(1)*x(1) +0.01351·x(1)*x(1)*x(1)*x(2) -0.00730·x(1)*x(1)*x(2)*x(2) +0.00591·x(1)*x(2)*x(2)*x(2) -0.00803·x(2)*x(2)*x(2)*x(2) -0.11966·x(1)*x(1)*x(1)*x(1)*x(1) -0.13026·x(1)*x(1)*x(1)*x(1)*x(2) +0.46452·x(1)*x(1)*x(1)*x(2)*x(2) -0.33264·x(1)*x(1)*x(2)*x(2)*x(2) +0.22675·x(1)*x(2)*x(2)*x(2)*x(2) +0.09230·x(2)*x(2)*x(2)*x(2)*x(2)
dx(2)/dt = -1.56216·x(1) +1.71936·x(2) -0.01796·x(1)*x(1) -0.00348·x(1)*x(2) +0.01970·x(2)*x(2) -0.45578·x(1)*x(1)*x(1) -2.03752·x(1)*x(1)*x(2) -0.73927·x(1)*x(2)*x(2) -1.67479·x(2)*x(2)*x(2) +0.01861·x(1)*x(1)*x(1)*x(1) -0.00915·x(1)*x(1)*x(1)*x(2) +0.00819·x(1)*x(1)*x(2)*x(2) +0.00493·x(1)*x(2)*x(2)*x(2) -0.02081·x(2)*x(2)*x(2)*x(2) -0.10020·x(1)*x(1)*x(1)*x(1)*x(1) +0.21204·x(1)*x(1)*x(1)*x(1)*x(2) +0.31768·x(1)*x(1)*x(1)*x(2)*x(2) +0.56189·x(1)*x(1)*x(2)*x(2)*x(2) +0.12652·x(1)*x(2)*x(2)*x(2)*x(2) -0.03494·x(2)*x(2)*x(2)*x(2)*x(2)
