dx(1)/dt = 2.52479*x(2) - 0.939142*x(1) - 0.729957*x(1)*x(1)*x(2) - 0.67587*x(1)*x(2) - 0.626304*x(2)*x(2)*x(2) - 0.519349*x(1)*x(2)*x(2) - 0.315349*x(1)*x(1)*x(1) - 0.221243*x(1)*x(1) + 0.0509789*x(2)*x(2) - 0.0010052*1
dx(2)/dt = -2.72334*x(1)*x(2)*x(2) - 2.27096*x(1) - 0.73316*x(1)*x(1)*x(1) + 0.360669*x(1)*x(1)*x(2) - 0.324703*x(2)*x(2)*x(2) - 0.281806*x(2)*x(2) + 0.0671771*1 - 0.0663602*x(1)*x(2) - 0.0269273*x(1)*x(1) + 0.000947815*x(2)
