dx(1)/dt = -68.4668*x(1) + 47.3012*x(3) - 34.0075*x(1)*x(1)*x(2) + 21.9788*x(1)*x(1)*x(1) + 20.8142*x(1)*x(2)*x(2) + 19.597*x(2) - 16.6151*x(2)*x(2) - 3.45085*x(1)*x(1) - 3.2005*x(2)*x(2)*x(2) + 0.11171*x(1)*x(2)
dx(2)/dt = 605.494*x(1) - 385.731*x(3) - 207.084*x(2) - 201.909*x(1)*x(1)*x(1) + 109.543*x(1)*x(1)*x(2) + 95.2014*x(1)*x(2) + 38.643*x(1)*x(2)*x(2) - 32.1348*x(2)*x(2) - 28.9836*x(1)*x(1) - 24.7708*x(2)*x(2)*x(2)
dx(3)/dt = -0.0034185*x(3) + 0.00013339*x(1) + 7.31035e-05*x(1)*x(1)*x(2) - 5.41167e-05*x(2) - 4.7047e-05*x(1)*x(1)*x(1) + 3.8839e-05*x(2)*x(2) - 3.73067e-05*x(1)*x(2)*x(2) + 1.61707e-05*x(1)*x(2) - 2.76845e-06*x(1)*x(1) + 1.17199e-06*x(2)*x(2)*x(2)
