dx(1)/dt = +1.00521·x(1) +3.00821·x(2) +0.00189·x(1)*x(1) +0.00000·x(1)*x(2) -0.00194·x(2)*x(2) -1.01232·x(1)*x(1)*x(1) -0.00649·x(1)*x(1)*x(2) -1.01040·x(1)*x(2)*x(2) -0.00766·x(2)*x(2)*x(2) -0.00180·x(1)*x(1)*x(1)*x(1) -0.00224·x(1)*x(1)*x(1)*x(2) +0.00005·x(1)*x(1)*x(2)*x(2) -0.00224·x(1)*x(2)*x(2)*x(2) +0.00185·x(2)*x(2)*x(2)*x(2) +0.00715·x(1)*x(1)*x(1)*x(1)*x(1) -0.00000·x(1)*x(1)*x(1)*x(1)*x(2) +0.01240·x(1)*x(1)*x(1)*x(2)*x(2) +0.00000·x(1)*x(1)*x(2)*x(2)*x(2) +0.00521·x(1)*x(2)*x(2)*x(2)*x(2) +0.00192·x(2)*x(2)*x(2)*x(2)*x(2)
dx(2)/dt = -3.00732·x(1) +1.00262·x(2) +0.00687·x(1)*x(1) -0.00000·x(1)*x(2) -0.00690·x(2)*x(2) +0.00649·x(1)*x(1)*x(1) -1.00626·x(1)*x(1)*x(2) +0.00743·x(1)*x(2)*x(2) -1.00683·x(2)*x(2)*x(2) -0.00675·x(1)*x(1)*x(1)*x(1) +0.00833·x(1)*x(1)*x(1)*x(2) +0.00002·x(1)*x(1)*x(2)*x(2) +0.00833·x(1)*x(2)*x(2)*x(2) +0.00677·x(2)*x(2)*x(2)*x(2) -0.00165·x(1)*x(1)*x(1)*x(1)*x(1) +0.00000·x(1)*x(1)*x(1)*x(1)*x(2) -0.00000·x(1)*x(1)*x(1)*x(2)*x(2) +0.00794·x(1)*x(1)*x(2)*x(2)*x(2) -0.00000·x(1)*x(2)*x(2)*x(2)*x(2) +0.00426·x(2)*x(2)*x(2)*x(2)*x(2)
