dx(1)/dt = -3.00171*x(2) - 1.03465*x(1)*x(1)*x(1) - 0.904569*x(1)*x(2)*x(2) - 0.501871*x(1)*x(1)*x(1)*x(1)*x(2) - 0.407992*x(1)*x(1)*x(2)*x(2)*x(2) + 0.339742*x(1)*x(2)*x(2)*x(2)*x(2) + 0.267239*x(1)*x(1)*x(1)*x(2)*x(2) + 0.198339*x(1)*x(1)*x(1)*x(1)*x(2)*x(2)*x(2) - 0.173814*x(1)*x(1)*x(1)*x(1)*x(1)*x(2)*x(2) + 0.144688*x(2)*x(2)*x(2)*x(2)*x(2) - 0.114104*x(1)*x(1)*x(1)*x(1)*x(1) + 0.11002*x(1)*x(1)*x(2)
dx(2)/dt = 2.99856*x(1) - 1.01142*x(2)*x(2)*x(2) - 0.888069*x(1)*x(1)*x(2) + 0.460414*x(1)*x(2)*x(2)*x(2)*x(2) + 0.316516*x(1)*x(1)*x(1)*x(1)*x(2) + 0.299294*x(1)*x(1)*x(1)*x(2)*x(2) - 0.259967*x(1)*x(1)*x(1)*x(1)*x(1) + 0.223761*x(1)*x(1)*x(2)*x(2)*x(2) - 0.174719*x(2)*x(2)*x(2)*x(2)*x(2) + 0.136512*x(1)*x(1)*x(1)*x(1)*x(1)*x(1)*x(1) - 0.102875*x(1)*x(2)*x(2)*x(2)*x(2)*x(2)*x(2) - 0.0982268*x(1)*x(1)*x(1)*x(2)*x(2)*x(2)*x(2)
