dx(1)/dt = +0.06540*x(1) -1.31523*x(2) +0.07664*x(1)*x(1) +0.01129*x(1)*x(2) -0.13946*x(2)*x(2) +0.15877*x(1)*x(1)*x(1) +1.38119*x(1)*x(1)*x(2) +3.04511*x(1)*x(2)*x(2) +1.03296*x(2)*x(2)*x(2) -1.95655*x(1)*x(1)*x(1)*x(1) +0.52742*x(1)*x(1)*x(1)*x(2) +2.72164*x(1)*x(1)*x(2)*x(2) +1.55844*x(1)*x(2)*x(2)*x(2) +1.63399*x(2)*x(2)*x(2)*x(2) +5.62111*x(1)*x(1)*x(1)*x(1)*x(1) -21.42384*x(1)*x(1)*x(1)*x(1)*x(2) -56.49180*x(1)*x(1)*x(1)*x(2)*x(2) -0.87745*x(1)*x(1)*x(2)*x(2)*x(2) -16.56623*x(1)*x(2)*x(2)*x(2)*x(2) -7.89639*x(2)*x(2)*x(2)*x(2)*x(2) +7.83456*x(1)*x(1)*x(1)*x(1)*x(1)*x(1) -3.23078*x(1)*x(1)*x(1)*x(1)*x(1)*x(2) +4.30756*x(1)*x(1)*x(1)*x(1)*x(2)*x(2) +0.50729*x(1)*x(1)*x(1)*x(2)*x(2)*x(2) -11.96426*x(1)*x(1)*x(2)*x(2)*x(2)*x(2) -6.10440*x(1)*x(2)*x(2)*x(2)*x(2)*x(2) -5.04174*x(2)*x(2)*x(2)*x(2)*x(2)*x(2) -34.54583*x(1)*x(1)*x(1)*x(1)*x(1)*x(1)*x(1) +32.69428*x(1)*x(1)*x(1)*x(1)*x(1)*x(1)*x(2) +99.14429*x(1)*x(1)*x(1)*x(1)*x(1)*x(2)*x(2) +14.45983*x(1)*x(1)*x(1)*x(1)*x(2)*x(2)*x(2) +50.43265*x(1)*x(1)*x(1)*x(2)*x(2)*x(2)*x(2) +6.64515*x(1)*x(1)*x(2)*x(2)*x(2)*x(2)*x(2) +20.04904*x(1)*x(2)*x(2)*x(2)*x(2)*x(2)*x(2) +8.73603*x(2)*x(2)*x(2)*x(2)*x(2)*x(2)*x(2)
dx(2)/dt = +1.29901*x(1) +0.08550*x(2) +0.00776*x(1)*x(1) -0.12641*x(1)*x(2) -0.01247*x(2)*x(2) -0.54008*x(1)*x(1)*x(1) +1.71986*x(1)*x(1)*x(2) -0.49009*x(1)*x(2)*x(2) +0.13934*x(2)*x(2)*x(2) -0.08689*x(1)*x(1)*x(1)*x(1) -1.68090*x(1)*x(1)*x(1)*x(2) +3.40482*x(1)*x(1)*x(2)*x(2) +2.46186*x(1)*x(2)*x(2)*x(2) +0.27612*x(2)*x(2)*x(2)*x(2) +4.21644*x(1)*x(1)*x(1)*x(1)*x(1) -5.34360*x(1)*x(1)*x(1)*x(1)*x(2) +3.30641*x(1)*x(1)*x(1)*x(2)*x(2) -62.00535*x(1)*x(1)*x(2)*x(2)*x(2) +17.67621*x(1)*x(2)*x(2)*x(2)*x(2) +4.74137*x(2)*x(2)*x(2)*x(2)*x(2) +0.05140*x(1)*x(1)*x(1)*x(1)*x(1)*x(1) +11.97252*x(1)*x(1)*x(1)*x(1)*x(1)*x(2) -15.57511*x(1)*x(1)*x(1)*x(1)*x(2)*x(2) -1.37243*x(1)*x(1)*x(1)*x(2)*x(2)*x(2) -5.17957*x(1)*x(1)*x(2)*x(2)*x(2)*x(2) -3.94597*x(1)*x(2)*x(2)*x(2)*x(2)*x(2) -2.04369*x(2)*x(2)*x(2)*x(2)*x(2)*x(2) -1.25838*x(1)*x(1)*x(1)*x(1)*x(1)*x(1)*x(1) -1.71993*x(1)*x(1)*x(1)*x(1)*x(1)*x(1)*x(2) -12.72717*x(1)*x(1)*x(1)*x(1)*x(1)*x(2)*x(2) +63.51495*x(1)*x(1)*x(1)*x(1)*x(2)*x(2)*x(2) -16.67802*x(1)*x(1)*x(1)*x(2)*x(2)*x(2)*x(2) +97.65322*x(1)*x(1)*x(2)*x(2)*x(2)*x(2)*x(2) -27.95124*x(1)*x(2)*x(2)*x(2)*x(2)*x(2)*x(2) -29.42066*x(2)*x(2)*x(2)*x(2)*x(2)*x(2)*x(2)
