dx(1)/dt = 2.99773*x(2) - 1.00576*x(1)*x(2)*x(2) - 0.999482*x(1)*x(1)*x(1) + 0.999247*x(1) + 0.00853772*x(1)*x(1)*x(1)*x(1)*x(2) + 0.00742873*x(1)*x(2)*x(2)*x(2)*x(2) + 0.00588744*x(2)*x(2)*x(2) + 0.0056817*x(1)*x(1)*x(1)*x(2)*x(2) - 0.00525956*x(1)*x(1)*x(2) - 0.00319136*x(2)*x(2)*x(2)*x(2)*x(2) + 0.00168776*x(1)*x(1)*x(2)*x(2) - 0.000751722*x(1)*x(1)*x(1)*x(2)
dx(2)/dt = -2.99955*x(1) - 1.00313*x(1)*x(1)*x(2) - 0.997984*x(2)*x(2)*x(2) + 0.99744*x(2) - 0.0115283*x(1)*x(2)*x(2)*x(2)*x(2) + 0.00790232*x(1)*x(1)*x(1)*x(1)*x(2) + 0.00786258*x(1)*x(2)*x(2) - 0.00415921*x(1)*x(1)*x(1) + 0.00318531*x(1)*x(1)*x(1)*x(2)*x(2) + 0.00274607*x(1)*x(1)*x(1)*x(1)*x(1) + 0.00220904*x(1)*x(1)*x(2)*x(2)*x(2) + 0.00108309*x(1)*x(1)*x(1)*x(2)
