dx(1)/dt = +0.03238*x(1) -2.48330*x(2) +0.05954*x(1)*x(1) -0.00280*x(1)*x(2) -0.09804*x(2)*x(2) -1.27425*x(1)*x(1)*x(1) +0.69022*x(1)*x(1)*x(2) +1.57347*x(1)*x(2)*x(2) +2.36428*x(2)*x(2)*x(2) -1.20161*x(1)*x(1)*x(1)*x(1) -0.29571*x(1)*x(1)*x(1)*x(2) +1.60675*x(1)*x(1)*x(2)*x(2) +0.92759*x(1)*x(2)*x(2)*x(2) +1.19982*x(2)*x(2)*x(2)*x(2) +7.45572*x(1)*x(1)*x(1)*x(1)*x(1) +2.32144*x(1)*x(1)*x(1)*x(1)*x(2) -17.26323*x(1)*x(1)*x(1)*x(2)*x(2) -20.42953*x(1)*x(1)*x(2)*x(2)*x(2) -9.95521*x(1)*x(2)*x(2)*x(2)*x(2) -9.64224*x(2)*x(2)*x(2)*x(2)*x(2) +5.05066*x(1)*x(1)*x(1)*x(1)*x(1)*x(1) -1.19267*x(1)*x(1)*x(1)*x(1)*x(1)*x(2) -3.42623*x(1)*x(1)*x(1)*x(1)*x(2)*x(2) +4.62993*x(1)*x(1)*x(1)*x(2)*x(2)*x(2) -5.16724*x(1)*x(1)*x(2)*x(2)*x(2)*x(2) -5.62540*x(1)*x(2)*x(2)*x(2)*x(2)*x(2) -4.45495*x(2)*x(2)*x(2)*x(2)*x(2)*x(2) -20.53895*x(1)*x(1)*x(1)*x(1)*x(1)*x(1)*x(1) -1.83488*x(1)*x(1)*x(1)*x(1)*x(1)*x(1)*x(2) +25.25893*x(1)*x(1)*x(1)*x(1)*x(1)*x(2)*x(2) +12.96445*x(1)*x(1)*x(1)*x(1)*x(2)*x(2)*x(2) +15.57329*x(1)*x(1)*x(1)*x(2)*x(2)*x(2)*x(2) +32.92318*x(1)*x(1)*x(2)*x(2)*x(2)*x(2)*x(2) +11.06217*x(1)*x(2)*x(2)*x(2)*x(2)*x(2)*x(2) +9.78366*x(2)*x(2)*x(2)*x(2)*x(2)*x(2)*x(2)
dx(2)/dt = +2.47279*x(1) +0.05078*x(2) +0.02557*x(1)*x(1) -0.05614*x(1)*x(2) -0.02538*x(2)*x(2) -2.19253*x(1)*x(1)*x(1) +1.02935*x(1)*x(1)*x(2) -0.17902*x(1)*x(2)*x(2) -1.60258*x(2)*x(2)*x(2) -0.12541*x(1)*x(1)*x(1)*x(1) +0.50622*x(1)*x(1)*x(1)*x(2) +0.38246*x(1)*x(1)*x(2)*x(2) -0.03901*x(1)*x(2)*x(2)*x(2) +0.51645*x(2)*x(2)*x(2)*x(2) +8.64428*x(1)*x(1)*x(1)*x(1)*x(1) -6.73245*x(1)*x(1)*x(1)*x(1)*x(2) +17.65297*x(1)*x(1)*x(1)*x(2)*x(2) -17.83979*x(1)*x(1)*x(2)*x(2)*x(2) -3.28107*x(1)*x(2)*x(2)*x(2)*x(2) +8.90817*x(2)*x(2)*x(2)*x(2)*x(2) +0.25081*x(1)*x(1)*x(1)*x(1)*x(1)*x(1) +0.20207*x(1)*x(1)*x(1)*x(1)*x(1)*x(2) -4.65377*x(1)*x(1)*x(1)*x(1)*x(2)*x(2) -0.21944*x(1)*x(1)*x(1)*x(2)*x(2)*x(2) -0.11195*x(1)*x(1)*x(2)*x(2)*x(2)*x(2) +0.59732*x(1)*x(2)*x(2)*x(2)*x(2)*x(2) -2.31276*x(2)*x(2)*x(2)*x(2)*x(2)*x(2) -7.20454*x(1)*x(1)*x(1)*x(1)*x(1)*x(1)*x(1) +4.84718*x(1)*x(1)*x(1)*x(1)*x(1)*x(1)*x(2) -31.31746*x(1)*x(1)*x(1)*x(1)*x(1)*x(2)*x(2) +19.77567*x(1)*x(1)*x(1)*x(1)*x(2)*x(2)*x(2) -8.63817*x(1)*x(1)*x(1)*x(2)*x(2)*x(2)*x(2) +22.49862*x(1)*x(1)*x(2)*x(2)*x(2)*x(2)*x(2) +2.34274*x(1)*x(2)*x(2)*x(2)*x(2)*x(2)*x(2) -21.70446*x(2)*x(2)*x(2)*x(2)*x(2)*x(2)*x(2)
