dx(1)/dt = 0.999529*x(2) + 0.00260117*x(1) - 0.000674615*x(1)*x(1)*x(1) + 0.000142692*x(1)*x(2)*x(2) + 0.000126547*x(1)*x(2) + 0.0000834435*x(1)*x(1)*x(2) + 0.000070484*x(2)*x(2) + 0.0000016766*x(1)*x(1) - 0.00000121475*x(2)*x(2)*x(2)
dx(2)/dt = 5.00229*x(1) - 0.999878*x(1)*x(1)*x(1) - 0.499009*x(2) + 0.00596066*x(1)*x(1)*x(2) - 0.00164688*x(1)*x(1) + 0.0011644*x(1)*x(2) - 0.000750001*x(2)*x(2)*x(2) - 0.000542965*x(1)*x(2)*x(2) + 0.00045271*x(2)*x(2)
