dx(1)/dt = +0.00396·x(1) +0.99030·x(2) -0.00002·x(1)*x(1) +0.00018·x(1)*x(2) +0.00064·x(2)*x(2) -0.00003·x(1)*x(1)*x(1) +0.00866·x(1)*x(1)*x(2) -0.01335·x(1)*x(2)*x(2) +0.00665·x(2)*x(2)*x(2) -0.00000·x(1)*x(1)*x(1)*x(1) -0.00010·x(1)*x(1)*x(1)*x(2) -0.00029·x(1)*x(1)*x(2)*x(2) +0.00008·x(1)*x(2)*x(2)*x(2) -0.00009·x(2)*x(2)*x(2)*x(2) +0.00001·x(1)*x(1)*x(1)*x(1)*x(1) +0.00009·x(1)*x(1)*x(1)*x(1)*x(2) +0.00494·x(1)*x(1)*x(1)*x(2)*x(2) -0.00600·x(1)*x(1)*x(2)*x(2)*x(2) +0.00179·x(1)*x(2)*x(2)*x(2)*x(2) -0.00066·x(2)*x(2)*x(2)*x(2)*x(2)
dx(2)/dt = -0.96058·x(1) +1.09474·x(2) -0.00044·x(1)*x(1) +0.00225·x(1)*x(2) +0.00234·x(2)*x(2) -0.02052·x(1)*x(1)*x(1) -0.91646·x(1)*x(1)*x(2) -0.15499·x(1)*x(2)*x(2) -0.04677·x(2)*x(2)*x(2) -0.00003·x(1)*x(1)*x(1)*x(1) -0.00097·x(1)*x(1)*x(1)*x(2) -0.00099·x(1)*x(1)*x(2)*x(2) +0.00008·x(1)*x(2)*x(2)*x(2) -0.00020·x(2)*x(2)*x(2)*x(2) +0.00028·x(1)*x(1)*x(1)*x(1)*x(1) -0.01197·x(1)*x(1)*x(1)*x(1)*x(2) +0.10364·x(1)*x(1)*x(1)*x(2)*x(2) -0.01836·x(1)*x(1)*x(2)*x(2)*x(2) +0.01720·x(1)*x(2)*x(2)*x(2)*x(2) -0.00066·x(2)*x(2)*x(2)*x(2)*x(2)
