dx(1)/dt = +0.00421·x(1) +0.98920·x(2) -0.00002·x(1)*x(1) +0.00016·x(1)*x(2) +0.00073·x(2)*x(2) -0.00004·x(1)*x(1)*x(1) +0.00916·x(1)*x(1)*x(2) -0.01414·x(1)*x(2)*x(2) +0.00734·x(2)*x(2)*x(2) -0.00000·x(1)*x(1)*x(1)*x(1) -0.00010·x(1)*x(1)*x(1)*x(2) -0.00035·x(1)*x(1)*x(2)*x(2) +0.00009·x(1)*x(2)*x(2)*x(2) -0.00010·x(2)*x(2)*x(2)*x(2) +0.00001·x(1)*x(1)*x(1)*x(1)*x(1) +0.00007·x(1)*x(1)*x(1)*x(1)*x(2) +0.00508·x(1)*x(1)*x(1)*x(2)*x(2) -0.00630·x(1)*x(1)*x(2)*x(2)*x(2) +0.00195·x(1)*x(2)*x(2)*x(2)*x(2) -0.00074·x(2)*x(2)*x(2)*x(2)*x(2)
dx(2)/dt = -0.95941·x(1) +1.10418·x(2) -0.00043·x(1)*x(1) +0.00219·x(1)*x(2) +0.00177·x(2)*x(2) -0.02098·x(1)*x(1)*x(1) -0.91669·x(1)*x(1)*x(2) -0.16051·x(1)*x(2)*x(2) -0.05106·x(2)*x(2)*x(2) -0.00002·x(1)*x(1)*x(1)*x(1) -0.00091·x(1)*x(1)*x(1)*x(2) -0.00067·x(1)*x(1)*x(2)*x(2) +0.00002·x(1)*x(2)*x(2)*x(2) -0.00014·x(2)*x(2)*x(2)*x(2) +0.00030·x(1)*x(1)*x(1)*x(1)*x(1) -0.01187·x(1)*x(1)*x(1)*x(1)*x(2) +0.10686·x(1)*x(1)*x(1)*x(2)*x(2) -0.01903·x(1)*x(1)*x(2)*x(2)*x(2) +0.01810·x(1)*x(2)*x(2)*x(2)*x(2) -0.00042·x(2)*x(2)*x(2)*x(2)*x(2)
