dx(1)/dt = +0.00526·x(1) -2.64932·x(2) -0.00544·x(1)*x(1) +0.01474·x(1)*x(2) +0.01542·x(2)*x(2) -0.42877·x(1)*x(1)*x(1) -0.19408·x(1)*x(1)*x(2) -0.31318·x(1)*x(2)*x(2) +0.33666·x(2)*x(2)*x(2) +0.04581·x(1)*x(1)*x(1)*x(1) -0.04739·x(1)*x(1)*x(1)*x(2) -0.01420·x(1)*x(1)*x(2)*x(2) -0.06847·x(1)*x(2)*x(2)*x(2) -0.05399·x(2)*x(2)*x(2)*x(2) -0.99410·x(1)*x(1)*x(1)*x(1)*x(1) -0.28660·x(1)*x(1)*x(1)*x(1)*x(2) -4.81246·x(1)*x(1)*x(1)*x(2)*x(2) -1.65688·x(1)*x(1)*x(2)*x(2)*x(2) -1.43921·x(1)*x(2)*x(2)*x(2)*x(2) -1.89395·x(2)*x(2)*x(2)*x(2)*x(2) -0.02152·x(1)*x(1)*x(1)*x(1)*x(1)*x(1) -0.03041·x(1)*x(1)*x(1)*x(1)*x(1)*x(2) -0.11953·x(1)*x(1)*x(1)*x(1)*x(2)*x(2) +0.09914·x(1)*x(1)*x(1)*x(2)*x(2)*x(2) +0.12644·x(1)*x(1)*x(2)*x(2)*x(2)*x(2) +0.09069·x(1)*x(2)*x(2)*x(2)*x(2)*x(2) +0.04396·x(2)*x(2)*x(2)*x(2)*x(2)*x(2) +0.05338·x(1)*x(1)*x(1)*x(1)*x(1)*x(1)*x(1) +0.36319·x(1)*x(1)*x(1)*x(1)*x(1)*x(1)*x(2) +3.12011·x(1)*x(1)*x(1)*x(1)*x(1)*x(2)*x(2) +0.86264·x(1)*x(1)*x(1)*x(1)*x(2)*x(2)*x(2) +3.10764·x(1)*x(1)*x(1)*x(2)*x(2)*x(2)*x(2) +1.82151·x(1)*x(1)*x(2)*x(2)*x(2)*x(2)*x(2) +0.29946·x(1)*x(2)*x(2)*x(2)*x(2)*x(2)*x(2) +1.18026·x(2)*x(2)*x(2)*x(2)*x(2)*x(2)*x(2)
dx(2)/dt = +2.65757·x(1) +0.01040·x(2) +0.01904·x(1)*x(1) -0.05332·x(1)*x(2) +0.01755·x(2)*x(2) -0.42519·x(1)*x(1)*x(1) -0.42467·x(1)*x(1)*x(2) +0.20641·x(1)*x(2)*x(2) -0.55016·x(2)*x(2)*x(2) -0.08883·x(1)*x(1)*x(1)*x(1) +0.27756·x(1)*x(1)*x(1)*x(2) -0.28736·x(1)*x(1)*x(2)*x(2) +0.21820·x(1)*x(2)*x(2)*x(2) -0.07668·x(2)*x(2)*x(2)*x(2) +2.15431·x(1)*x(1)*x(1)*x(1)*x(1) -0.83248·x(1)*x(1)*x(1)*x(1)*x(2) +1.54009·x(1)*x(1)*x(1)*x(2)*x(2) -5.46538·x(1)*x(1)*x(2)*x(2)*x(2) +0.34952·x(1)*x(2)*x(2)*x(2)*x(2) -0.39127·x(2)*x(2)*x(2)*x(2)*x(2) +0.07832·x(1)*x(1)*x(1)*x(1)*x(1)*x(1) -0.22030·x(1)*x(1)*x(1)*x(1)*x(1)*x(2) +0.15855·x(1)*x(1)*x(1)*x(1)*x(2)*x(2) -0.18273·x(1)*x(1)*x(1)*x(2)*x(2)*x(2) +0.22167·x(1)*x(1)*x(2)*x(2)*x(2)*x(2) -0.19260·x(1)*x(2)*x(2)*x(2)*x(2)*x(2) +0.10266·x(2)*x(2)*x(2)*x(2)*x(2)*x(2) -1.35109·x(1)*x(1)*x(1)*x(1)*x(1)*x(1)*x(1) -0.14831·x(1)*x(1)*x(1)*x(1)*x(1)*x(1)*x(2) -1.97815·x(1)*x(1)*x(1)*x(1)*x(1)*x(2)*x(2) +3.52715·x(1)*x(1)*x(1)*x(1)*x(2)*x(2)*x(2) -0.52470·x(1)*x(1)*x(1)*x(2)*x(2)*x(2)*x(2) +3.34463·x(1)*x(1)*x(2)*x(2)*x(2)*x(2)*x(2) -0.53782·x(1)*x(2)*x(2)*x(2)*x(2)*x(2)*x(2) -0.42906·x(2)*x(2)*x(2)*x(2)*x(2)*x(2)*x(2)
