batch_size: 1024
beta_align: 0.005255197793934481
decayA_last_frac: 0.3
decayA_min_ratio: 0.2
depth: 3
dropout: 0.35000000000000003
dt: 2
epochs_A: 150
epochs_B: 180
g_dim: 63
grad_clip: 1.0
lam_full: 2.8338072071065863e-05
lam_g: 2.8942793465787837e-05
lam_phi: 3.0e-10
lrA: 0.002
lrB_end: 0.0003
lrB_start: 0.003
polyorder: 1
rollout_B: 2
width: 192
