dx0/dt = -1.677547*x0 + 38.194594*x0**3.0*x1 - 7.001394*x0**4.0*x1*(32.142647*x0 - 4.697378*x1 + 6.825952) + 1.460643*x1 + (0.830493*x0 + 0.830493*x1 - 0.843061)*(1.74615*x0*x1 + 0.395075*x0**4.0*x1 + 0.983739) + 0.827695
dx1/dt = 0.051616*x0*x1 - 0.145246*x1 + 0.343118*x1**6.0 + (22.055008*x0*x1**3.0 + 2.464777)*(-0.906169*x0 + 0.095718*x1 - 0.153228) + 0.43997
