dx(1)/dt = +0.00002*x(1) -0.00020*x(2) -0.00000*x(1)*x(1) -0.00000*x(1)*x(2) -0.00029*x(2)*x(2)
dx(2)/dt = +0.00025*x(1) -0.04216*x(2) -0.00000*x(1)*x(1) +0.00002*x(1)*x(2) -0.06090*x(2)*x(2)
