dx(1)/dt = +1.00010*x(1) +3.00018*x(2) +0.00000*x(1)*x(1) -0.00000*x(1)*x(2) +0.00000*x(2)*x(2) -1.00044*x(1)*x(1)*x(1) -0.00000*x(1)*x(1)*x(2) -0.99973*x(1)*x(2)*x(2) -0.00000*x(2)*x(2)*x(2) +0.00000*x(1)*x(1)*x(1)*x(1) -0.00000*x(1)*x(1)*x(1)*x(2) +0.00012*x(1)*x(1)*x(2)*x(2) -0.00000*x(1)*x(2)*x(2)*x(2) -0.00004*x(2)*x(2)*x(2)*x(2) +0.00000*x(1)*x(1)*x(1)*x(1)*x(1) -0.00000*x(1)*x(1)*x(1)*x(1)*x(2) +0.00000*x(1)*x(1)*x(1)*x(2)*x(2) -0.00000*x(1)*x(1)*x(2)*x(2)*x(2) +0.00000*x(1)*x(2)*x(2)*x(2)*x(2) -0.00000*x(2)*x(2)*x(2)*x(2)*x(2)
dx(2)/dt = -3.00013*x(1) +1.00007*x(2) +0.00019*x(1)*x(1) +0.00000*x(1)*x(2) -0.00019*x(2)*x(2) +0.00000*x(1)*x(1)*x(1) -0.99890*x(1)*x(1)*x(2) +0.00000*x(1)*x(2)*x(2) -1.00061*x(2)*x(2)*x(2) -0.00017*x(1)*x(1)*x(1)*x(1) +0.00000*x(1)*x(1)*x(1)*x(2) -0.00014*x(1)*x(1)*x(2)*x(2) +0.00000*x(1)*x(2)*x(2)*x(2) +0.00021*x(2)*x(2)*x(2)*x(2) +0.00000*x(1)*x(1)*x(1)*x(1)*x(1) +0.00000*x(1)*x(1)*x(1)*x(1)*x(2) +0.00000*x(1)*x(1)*x(1)*x(2)*x(2) +0.00000*x(1)*x(1)*x(2)*x(2)*x(2) +0.00000*x(1)*x(2)*x(2)*x(2)*x(2) +0.00000*x(2)*x(2)*x(2)*x(2)*x(2)
