dt: 0.7
polyorder: 5
g_dim: 45
width: 64
depth: 5
dropout: 0.30000000000000004
epochs_A: 110
epochs_B: 100
lrA: 0.002
lrB_start: 0.003
lrB_end: 0.0003
decayA_last_frac: 0.3
decayA_min_ratio: 0.2
lam_phi: 3.0e-10
lam_g: 1.8540688653697576e-05
lam_full: 3.173472778853388e-07
rollout_B: 16
beta_align: 0.0076242342684068095
batch_size: 1024
grad_clip: 1.0
