dx(1)/dt = 0.743157*x(2) + 0.214993*x(1)*x(1) + 0.205132*x(1)*x(2) - 0.0623864*x(2)*x(2) + 0.0275635*x(1)
dx(2)/dt = -15.8121*x(1) - 0.658604*x(1)*x(2) + 0.352996*x(1)*x(1) - 0.111923*x(2) + 0.0763717*x(2)*x(2)
