dx(1)/dt = -0.00000*1 -0.80480*x(1) +2.21658*x(2) -0.00000*x(1)*x(1) -0.00000*x(1)*x(2) -0.00000*x(2)*x(2) +0.00000*x(1)*x(1)*x(1) +0.00000*x(1)*x(1)*x(2) -1.27832*x(1)*x(2)*x(2) +0.59068*x(2)*x(2)*x(2)
dx(2)/dt = +0.06421*1 -2.23697*x(1) +0.14209*x(2) -0.00000*x(1)*x(1) -0.68110*x(1)*x(2) -0.00000*x(2)*x(2) +0.00000*x(1)*x(1)*x(1) -2.45551*x(1)*x(1)*x(2) -0.00000*x(1)*x(2)*x(2) -0.28015*x(2)*x(2)*x(2)
