batch_size: 1024
beta_align: 0.05164904911592567
decayA_last_frac: 0.3
decayA_min_ratio: 0.2
depth: 2
dropout: 0.05
dt: 2.25
epochs_A: 80
epochs_B: 240
g_dim: 60
grad_clip: 1.0
lam_full: 3.1711562691719987e-07
lam_g: 2.3584268398513487e-05
lam_phi: 3.0e-10
lrA: 0.002
lrB_end: 0.0003
lrB_start: 0.003
polyorder: 2
rollout_B: 1
width: 160
