dx(1)/dt = 2.91274*x(2) - 0.95772*x(1)*x(2)*x(2) + 0.919281*x(1) - 0.905278*x(1)*x(1)*x(1) + 0.139869*x(2)*x(2)*x(2) - 0.0532535*x(2)*x(2)*x(2)*x(2)*x(2) + 0.0498971*x(1)*x(1)*x(1)*x(1)*x(2) + 0.0497563*x(1)*x(2)*x(2)*x(2)*x(2) - 0.0461827*x(1)*x(1)*x(2)*x(2) + 0.0415678*x(1)*x(1)*x(2) - 0.0330953*x(2)*x(2)*x(2)*x(2) + 0.0330754*x(2)*x(2)
dx(2)/dt = -3.06289*x(1) - 0.937999*x(1)*x(1)*x(2) + 0.883545*x(2) - 0.8746*x(2)*x(2)*x(2) + 0.120359*x(1)*x(2)*x(2) - 0.0835035*x(1)*x(1)*x(2)*x(2) - 0.0783477*x(2)*x(2)*x(2)*x(2) + 0.0764172*x(2)*x(2) + 0.0675009*x(1)*x(1)*x(1)*x(1)*x(2) - 0.0667822*x(1)*x(2)*x(2)*x(2)*x(2) + 0.0587543*x(1)*x(1)*x(1) - 0.0430825*x(1)*x(1)*x(1)*x(2)*x(2)
