dx(1)/dt = +202.16980*x(1) -95.00694*x(2) -52.37886*x(3) -0.43843*x(1)*x(1) -69.57696*x(1)*x(2) -7.76354*x(1)*x(3) +16.65778*x(2)*x(2) +67.85942*x(2)*x(3) +3.23076*x(3)*x(3) +161.31062*x(1)*x(1)*x(1) -217.82909*x(1)*x(1)*x(2) -469.14093*x(1)*x(1)*x(3) +79.90125*x(1)*x(2)*x(2) +408.92188*x(1)*x(2)*x(3) +166.87643*x(1)*x(3)*x(3) -7.45278*x(2)*x(2)*x(2) -67.72803*x(2)*x(2)*x(3) -78.10980*x(2)*x(3)*x(3) -43.22917*x(3)*x(3)*x(3)
dx(2)/dt = +631.43842*x(1) -268.54211*x(2) -192.64427*x(3) +75.14324*x(1)*x(1) -273.25125*x(1)*x(2) -166.98785*x(1)*x(3) +24.87700*x(2)*x(2) +279.05463*x(2)*x(3) +85.89898*x(3)*x(3) +429.19666*x(1)*x(1)*x(1) -538.13550*x(1)*x(1)*x(2) -1325.69385*x(1)*x(1)*x(3) +146.64764*x(1)*x(2)*x(2) +1069.87988*x(1)*x(2)*x(3) +520.57782*x(1)*x(3)*x(3) +1.41933*x(2)*x(2)*x(2) -115.19334*x(2)*x(2)*x(3) -220.39160*x(2)*x(3)*x(3) -158.66774*x(3)*x(3)*x(3)
dx(3)/dt = 0
