dx(1)/dt = 6.26163*x(2)*x(3)*x(3) + 3.56163*x(2)*x(3)*x(4) - 2.52591*x(1)*x(3)*x(4) + 1.74053*x(3)*x(3)*x(3) - 1.58011*x(1)*x(4)*x(4) + 1.29013*x(3)*x(3)*x(4) - 1.12292*x(3)*x(3) + 0.993814*x(2) - 0.57784*x(1)*x(3)*x(3) - 0.495743*x(2)*x(2)*x(3) - 0.35328*x(2)*x(3) + 0.286372*x(1)*x(2)*x(4) + 0.25379*x(4)*x(4)*x(4) + 0.234889*x(1)*x(1)*x(3) - 0.185248*x(3)*x(4)*x(4) + 0.178506*x(1)*x(3) - 0.127204*x(1)*x(2)*x(3) + 0.115815*x(1)*x(4) + 0.0995199*x(3) - 0.0648198*x(2)*x(4) - 0.060489*x(3)*x(4) - 0.0600749*x(4)*x(4) + 0.0576125*x(1)*x(2)*x(2) + 0.0416257*x(1)*x(1)*x(1) - 0.0383455*x(1)*x(1)*x(4) + 0.0374232*x(1)*x(1)*x(2) - 0.0326716*x(1)*x(1) - 0.0267382*x(2)*x(4)*x(4) - 0.0210025*x(2)*x(2)*x(4) - 0.0169463*x(4) + 0.0163976*x(1)*x(2) - 0.0106928*x(1) + 0.00585315*x(2)*x(2)*x(2) + 0.00231645*x(2)*x(2)
dx(2)/dt = -190.56*x(2)*x(3)*x(3) + 158.53*x(3)*x(3)*x(3) - 156.188*x(2)*x(3)*x(4) - 109.045*x(3)*x(3) + 78.5511*x(1)*x(3)*x(4) + 69.1241*x(1)*x(4)*x(4) + 39.4317*x(1)*x(3)*x(3) - 35.7549*x(3)*x(3)*x(4) + 31.3745*x(3)*x(4)*x(4) - 20.0061*x(1)*x(3) + 18.3153*x(3) + 15.5723*x(1)*x(2)*x(3) + 11.7519*x(1)*x(1)*x(3) - 10.2199*x(4)*x(4) + 6.21967*x(2)*x(4) - 6.17167*x(4)*x(4)*x(4) - 5.49908*x(1)*x(2)*x(2) + 5.11407*x(2)*x(3) - 3.77096*x(1)*x(1)*x(4) + 3.63382*x(2)*x(4)*x(4) - 3.16099*x(1)*x(1) + 2.8319*x(1)*x(2)*x(4) - 2.52403*x(3)*x(4) - 1.99565*x(1)*x(1)*x(2) + 1.83477*x(4) - 1.27941*x(1)*x(4) + 1.23051*x(2)*x(2)*x(3) + 0.955919*x(1) - 0.87552*x(1)*x(2) - 0.300827*x(1)*x(1)*x(1) + 0.223816*x(2) - 0.182615*x(2)*x(2)*x(2) - 0.104978*x(2)*x(2) - 0.0556653*x(2)*x(2)*x(4)
dx(3)/dt = -1.97972*x(3)*x(3) + 1.04665*x(4) - 0.917413*x(2)*x(3)*x(3) - 0.840605*x(4)*x(4) + 0.810397*x(3)*x(4)*x(4) + 0.647425*x(1)*x(3)*x(4) + 0.641916*x(1)*x(1)*x(3) + 0.588197*x(1)*x(2)*x(4) + 0.533707*x(1)*x(2)*x(3) + 0.499164*x(3) + 0.404109*x(3)*x(3)*x(4) - 0.354491*x(3)*x(4) + 0.337132*x(3)*x(3)*x(3) + 0.228217*x(2)*x(3)*x(4) + 0.227032*x(1)*x(3)*x(3) - 0.218716*x(2)*x(2)*x(3) - 0.165737*x(1)*x(4) - 0.145377*x(1)*x(1) - 0.138754*x(1)*x(1)*x(4) - 0.137828*x(1)*x(3) + 0.111726*x(2)*x(3) - 0.101709*x(1)*x(4)*x(4) + 0.0603778*x(2)*x(4)*x(4) + 0.0597903*x(4)*x(4)*x(4) + 0.041724*x(1)*x(1)*x(2) - 0.0326822*x(1)*x(2) + 0.0185972*x(1)*x(1)*x(1) + 0.0152399*x(2)*x(4) - 0.0120863*x(1)*x(2)*x(2) + 0.0105734*x(2)*x(2)*x(4) - 0.00985632*x(2)*x(2) + 0.00634731*x(1) + 0.00327386*x(2) - 0.00319016*x(2)*x(2)*x(2)
dx(4)/dt = 54.574*x(3)*x(3)*x(3) + 50.1196*x(3)*x(3)*x(4) - 34.9896*x(3)*x(4)*x(4) - 27.8832*x(3)*x(4) + 24.7614*x(4)*x(4) + 10.0737*x(1)*x(2)*x(3) + 9.74852*x(2)*x(3)*x(4) - 9.57313*x(1)*x(2)*x(4) - 8.92079*x(1)*x(1)*x(3) - 7.9504*x(2)*x(2)*x(3) - 7.00796*x(1)*x(3)*x(4) + 6.53219*x(2)*x(3)*x(3) - 6.44287*x(3) - 4.1161*x(3)*x(3) - 3.49772*x(1)*x(4)*x(4) + 2.21405*x(1)*x(1) - 1.42496*x(2)*x(4)*x(4) + 1.2819*x(1)*x(3)*x(3) + 1.0647*x(4)*x(4)*x(4) + 0.988194*x(1)*x(4) + 0.920359*x(1)*x(3) + 0.854051*x(4) + 0.749088*x(2)*x(3) + 0.529585*x(2)*x(2) - 0.517838*x(1)*x(1)*x(1) - 0.457203*x(2)*x(2)*x(4) - 0.258935*x(1)*x(1)*x(4) - 0.182442*x(1)*x(2) - 0.155088*x(1)*x(1)*x(2) - 0.125321*x(1)*x(2)*x(2) + 0.100567*x(1) - 0.018793*x(2) + 0.00978956*x(2)*x(2)*x(2) - 0.00168695*x(2)*x(4)
