dx(1)/dt = 2.42273*x(2) - 0.995158*x(1) + 0.677334*x(1)*x(1)*x(2) - 0.130257*x(2)*x(2)*x(2) - 0.101386*x(1)*x(2) + 0.041239*x(1)*x(2)*x(2) + 0.0299999*x(2)*x(2) - 0.0295332*x(1)*x(1) - 0.0213107*x(1)*x(1)*x(1) - 0.000833906*1
dx(2)/dt = -2.3788*x(1) - 0.683315*x(1)*x(1)*x(2) - 0.466326*x(1)*x(2)*x(2) - 0.116522*x(1)*x(1)*x(1) - 0.0823751*x(2)*x(2)*x(2) + 0.0689874*1 - 0.0430815*x(2)*x(2) + 0.00760034*x(1)*x(1) + 0.00667853*x(1)*x(2) - 0.000235306*x(2)
