dx(1)/dt = -5.24252*x(1) + 0.00086*x(2) + 0.60402*x(1)*x(1) + 0.37467*x(1)*x(2) + 0.00457*x(2)*x(2)
dx(2)/dt = 6.20194*x(1) - 0.31420*x(2) - 0.72477*x(1)*x(1) - 0.50305*x(1)*x(2) - 0.00617*x(2)*x(2)
