dx(1)/dt = +0.00000·1 -0.99376·x(1) +2.38720·x(2) +0.00000·x(1)*x(1) +0.00000·x(1)*x(2) +0.00000·x(2)*x(2) +0.00000·x(1)*x(1)*x(1) +0.00000·x(1)*x(1)*x(2) +0.00000·x(1)*x(2)*x(2) +0.00000·x(2)*x(2)*x(2)
dx(2)/dt = +0.07003·1 -2.40167·x(1) +0.00000·x(2) -0.00000·x(1)*x(1) -0.00000·x(1)*x(2) -0.00000·x(2)*x(2) -0.00000·x(1)*x(1)*x(1) -0.00000·x(1)*x(1)*x(2) -0.00000·x(1)*x(2)*x(2) -0.00000·x(2)*x(2)*x(2)
