dx(1)/dt = +2.61357·x(1) +13.66034·x(2) -11.79306·x(1)*x(1) +12.35605·x(1)*x(2) -14.51474·x(2)*x(2) -3.96720·x(1)*x(1)*x(1) -12.77696·x(1)*x(1)*x(2) -52.99725·x(1)*x(2)*x(2) -1.14121·x(2)*x(2)*x(2) +45.54840·x(1)*x(1)*x(1)*x(1) -57.58536·x(1)*x(1)*x(1)*x(2) +63.15866·x(1)*x(1)*x(2)*x(2) +6.45725·x(1)*x(2)*x(2)*x(2) +59.91805·x(2)*x(2)*x(2)*x(2)
dx(2)/dt = -18.39658·x(1) +0.67457·x(2) +0.08177·x(1)*x(1) +7.93706·x(1)*x(2) -9.75586·x(2)*x(2) +35.00078·x(1)*x(1)*x(1) -6.74237·x(1)*x(1)*x(2) +11.74612·x(1)*x(2)*x(2) +1.40784·x(2)*x(2)*x(2) +0.00747·x(1)*x(1)*x(1)*x(1) +10.89843·x(1)*x(1)*x(1)*x(2) +57.11491·x(1)*x(1)*x(2)*x(2) -36.41615·x(1)*x(2)*x(2)*x(2) +29.72648·x(2)*x(2)*x(2)*x(2)
