dx(1)/dt = 5.44163*x(1)*x(1)*x(1)*x(1)*x(1)*x(2)*x(2) - 4.47081*x(1)*x(1)*x(1)*x(2)*x(2) - 4.21054*x(2)*x(2)*x(2)*x(2)*x(2) - 3.37022*x(1)*x(1)*x(1)*x(1)*x(1) - 3.36831*x(1)*x(2)*x(2)*x(2)*x(2) + 3.26262*x(1)*x(1)*x(1)*x(1)*x(2) + 3.06899*x(2)*x(2)*x(2)*x(2)*x(2)*x(2)*x(2) - 2.80468*x(1)*x(1)*x(2)*x(2)*x(2) - 2.66169*x(1)*x(1)*x(1)*x(1)*x(1)*x(1)*x(2) + 2.42374*x(1)*x(2)*x(2)*x(2)*x(2)*x(2)*x(2) - 2.37624*x(2) + 2.30345*x(1)*x(1)*x(2)*x(2)*x(2)*x(2)*x(2) + 1.77724*x(1)*x(1)*x(1)*x(1)*x(2)*x(2)*x(2) + 1.373*x(1)*x(1)*x(1)*x(2)*x(2)*x(2)*x(2) + 0.989195*x(1)*x(1)*x(1)*x(1)*x(1)*x(1)*x(1) - 0.946643*x(1)*x(1)*x(2) + 0.696903*x(2)*x(2)*x(2) - 0.508313*x(1)*x(2)*x(2) - 0.325083*x(1)*x(1)*x(1)*x(1)*x(1)*x(1) + 0.321464*x(1)*x(2)*x(2)*x(2)*x(2)*x(2) + 0.282673*x(1)*x(1)*x(1)*x(1) - 0.231757*x(1)*x(2)*x(2)*x(2) + 0.197931*x(1)*x(1)*x(1) + 0.160429*x(1)*x(1)*x(1)*x(1)*x(2)*x(2) - 0.130538*x(2)*x(2)*x(2)*x(2) - 0.130302*x(1)*x(1)*x(1)*x(2) + 0.11655*x(2)*x(2)*x(2)*x(2)*x(2)*x(2) + 0.0973336*x(1)*x(1)*x(1)*x(2)*x(2)*x(2) - 0.0863459*x(1)*x(1)*x(2)*x(2)*x(2)*x(2) + 0.0420301*x(1)*x(2) + 0.0386198*x(1)*x(1)*x(1)*x(1)*x(1)*x(2) - 0.0347173*x(1)*x(1) + 0.0315999*x(2)*x(2) + 0.0187324*x(1)
dx(2)/dt = 5.40014*x(1)*x(1)*x(2)*x(2)*x(2)*x(2)*x(2) - 5.15791*x(1)*x(1)*x(2)*x(2)*x(2) + 4.71682*x(1)*x(1)*x(1)*x(1)*x(1) - 3.42056*x(1)*x(1)*x(1)*x(1)*x(1)*x(1)*x(1) - 3.21247*x(1)*x(2)*x(2)*x(2)*x(2) + 2.64502*x(1)*x(1)*x(1)*x(2)*x(2) - 2.60105*x(1)*x(1)*x(1)*x(1)*x(2) + 2.47914*x(1)*x(2)*x(2)*x(2)*x(2)*x(2)*x(2) - 2.44988*x(2)*x(2)*x(2)*x(2)*x(2) - 2.38984*x(1)*x(1)*x(1)*x(1)*x(1)*x(2)*x(2) + 2.38944*x(1) + 2.12408*x(1)*x(1)*x(1)*x(1)*x(2)*x(2)*x(2) + 1.7978*x(1)*x(1)*x(1)*x(1)*x(1)*x(1)*x(2) - 1.52443*x(1)*x(1)*x(1)*x(2)*x(2)*x(2)*x(2) + 0.998447*x(1)*x(2)*x(2) - 0.863056*x(1)*x(1)*x(1) - 0.700796*x(1)*x(1)*x(2) + 0.551792*x(1)*x(1)*x(1)*x(2) - 0.411448*x(1)*x(1)*x(2)*x(2) + 0.394952*x(1)*x(1)*x(2)*x(2)*x(2)*x(2) - 0.394227*x(1)*x(1)*x(1)*x(1)*x(1)*x(2) + 0.335912*x(2)*x(2)*x(2)*x(2)*x(2)*x(2)*x(2) - 0.328516*x(1)*x(1)*x(1)*x(2)*x(2)*x(2) + 0.260754*x(1)*x(1)*x(1)*x(1)*x(2)*x(2) - 0.150477*x(2)*x(2)*x(2)*x(2) - 0.150398*x(1)*x(1)*x(1)*x(1) + 0.129564*x(2)*x(2)*x(2)*x(2)*x(2)*x(2) + 0.10514*x(1)*x(1)*x(1)*x(1)*x(1)*x(1) + 0.0909214*x(1)*x(2)*x(2)*x(2) - 0.0611904*x(1)*x(2) + 0.038058*x(2)*x(2) + 0.0286172*x(1)*x(1) - 0.0269496*x(1)*x(2)*x(2)*x(2)*x(2)*x(2) + 0.0255945*x(2) - 0.00525934*x(2)*x(2)*x(2)
