dx(1)/dt = -15.4811*x(1)*x(1)*x(1)*x(1)*x(1) + 10.2575*x(1)*x(1)*x(1)*x(1)*x(1)*x(1)*x(1) - 6.60038*x(1)*x(2)*x(2) + 4.16579*x(1)*x(1)*x(1)*x(1)*x(1)*x(2)*x(2) + 2.63238*x(1)*x(2)*x(2)*x(2)*x(2) + 2.46748*x(1)*x(1)*x(1)*x(2)*x(2) + 2.29103*x(2)*x(2)*x(2)*x(2)*x(2)*x(2)*x(2) - 2.22256*x(2)*x(2)*x(2)*x(2)*x(2) + 1.89459*x(1)*x(1)*x(1) + 1.69459*x(1)*x(1)*x(2)*x(2)*x(2) - 1.02638*x(1)*x(1)*x(2) - 0.935391*x(1)*x(1)*x(1)*x(2)*x(2)*x(2)*x(2) + 0.878876*x(1)*x(1)*x(1)*x(1)*x(2) - 0.835551*x(1)*x(1)*x(2)*x(2)*x(2)*x(2)*x(2) - 0.826191*x(2) - 0.76616*x(1)*x(1)*x(1)*x(2) + 0.62195*x(1)*x(1)*x(2)*x(2) - 0.507016*x(1)*x(1)*x(2)*x(2)*x(2)*x(2) + 0.486679*x(1)*x(2)*x(2)*x(2)*x(2)*x(2)*x(2) - 0.483225*x(2)*x(2)*x(2) + 0.476269*x(1)*x(1)*x(1)*x(2)*x(2)*x(2) + 0.447695*x(1)*x(1)*x(1)*x(1)*x(1)*x(2) - 0.369578*x(1)*x(1)*x(1)*x(1)*x(1)*x(1)*x(2) - 0.291722*x(1)*x(1)*x(1)*x(1)*x(2)*x(2) - 0.221383*x(1)*x(2)*x(2)*x(2) + 0.207755*x(1)*x(2)*x(2)*x(2)*x(2)*x(2) + 0.19965*x(1) - 0.148632*x(1)*x(1)*x(1)*x(1)*x(1)*x(1) + 0.135122*x(1)*x(2) + 0.126569*x(1)*x(1)*x(1)*x(1)*x(2)*x(2)*x(2) + 0.110568*x(1)*x(1)*x(1)*x(1)
dx(2)/dt = -12.355*x(2)*x(2)*x(2)*x(2)*x(2) + 8.05819*x(2)*x(2)*x(2)*x(2)*x(2)*x(2)*x(2) - 6.30462*x(1)*x(1)*x(2) + 5.61347*x(1)*x(1)*x(2)*x(2)*x(2)*x(2)*x(2) + 3.21506*x(1)*x(1)*x(1)*x(1)*x(2) - 2.37046*x(1)*x(1)*x(1)*x(2)*x(2) - 2.06113*x(1)*x(1)*x(1)*x(1)*x(1)*x(1)*x(1) + 2.02003*x(1)*x(1)*x(1)*x(1)*x(1) + 1.6144*x(1)*x(2)*x(2) - 1.12702*x(1)*x(2)*x(2)*x(2)*x(2) + 0.925858*x(2)*x(2)*x(2) + 0.834588*x(1) + 0.786928*x(1)*x(1)*x(1)*x(1)*x(1)*x(2)*x(2) + 0.652569*x(1)*x(1)*x(2)*x(2)*x(2)*x(2) - 0.596137*x(1)*x(1)*x(1)*x(1)*x(1)*x(2) + 0.593958*x(1)*x(1)*x(1)*x(2) - 0.564396*x(1)*x(1)*x(2)*x(2) + 0.472423*x(1)*x(1)*x(1) + 0.415324*x(1)*x(1)*x(1)*x(2)*x(2)*x(2)*x(2) + 0.249653*x(1)*x(1)*x(1)*x(1)*x(2)*x(2) - 0.225919*x(1)*x(1)*x(1)*x(2)*x(2)*x(2) + 0.225315*x(2) - 0.149771*x(1)*x(1)*x(1)*x(1)*x(2)*x(2)*x(2) + 0.0509367*x(1)*x(2)*x(2)*x(2)
