dx(1)/dt = -2.96368*x(2) - 0.976079*x(1)*x(1)*x(1) - 0.866396*x(1)*x(2)*x(2) + 0.44726*x(1)*x(1)*x(1)*x(2)*x(2)*x(2)*x(2) - 0.421775*x(1)*x(1)*x(2)*x(2)*x(2) - 0.313655*x(1)*x(1)*x(1)*x(2)*x(2) + 0.276427*x(1)*x(1)*x(1)*x(1)*x(2)*x(2)*x(2) + 0.272825*x(1)*x(1)*x(2)*x(2)*x(2)*x(2)*x(2) - 0.236337*x(1)*x(2)*x(2)*x(2)*x(2)
dx(2)/dt = 2.96412*x(1) - 0.974067*x(2)*x(2)*x(2) - 0.868844*x(1)*x(1)*x(2) + 0.465118*x(1)*x(1)*x(1)*x(1)*x(2)*x(2)*x(2) + 0.394387*x(1)*x(1)*x(1)*x(2)*x(2) - 0.329578*x(1)*x(1)*x(2)*x(2)*x(2) - 0.260189*x(1)*x(1)*x(1)*x(1)*x(1)*x(2)*x(2) - 0.257597*x(1)*x(1)*x(1)*x(2)*x(2)*x(2)*x(2) - 0.231671*x(1)*x(1)*x(1)*x(1)*x(2)
