dx(1)/dt = -2.85762*x(2) - 2.05948*x(1)*x(1)*x(1)*x(2)*x(2) + 1.29016*x(1)*x(1)*x(1)*x(1)*x(2)*x(2)*x(2) + 1.28177*x(1)*x(1)*x(1)*x(1)*x(1)*x(2)*x(2) + 1.22329*x(1)*x(1)*x(1)*x(2)*x(2)*x(2)*x(2) - 1.1928*x(2)*x(2)*x(2)*x(2)*x(2) - 0.898216*x(1)*x(2)*x(2)*x(2)*x(2) + 0.780393*x(2)*x(2)*x(2)*x(2)*x(2)*x(2)*x(2) - 0.713467*x(1)*x(1)*x(1) - 0.704363*x(1)*x(1)*x(2)*x(2)*x(2) - 0.571939*x(1)*x(2)*x(2) - 0.475923*x(1)*x(1)*x(1)*x(1)*x(1) - 0.43018*x(1)*x(1)*x(1)*x(1)*x(2) + 0.391383*x(1)*x(2)*x(2)*x(2)*x(2)*x(2)*x(2) + 0.322152*x(1)*x(1)*x(2)*x(2)*x(2)*x(2)*x(2) + 0.300752*x(2)*x(2)*x(2) + 0.110065*x(1)*x(1)*x(1)*x(1)*x(1)*x(1)*x(1)
dx(2)/dt = 2.86255*x(1) - 2.26928*x(1)*x(1)*x(2)*x(2)*x(2) + 1.40297*x(1)*x(1)*x(1)*x(1)*x(2)*x(2)*x(2) + 1.37648*x(1)*x(1)*x(1)*x(1)*x(1) + 1.30079*x(1)*x(1)*x(2)*x(2)*x(2)*x(2)*x(2) - 1.11794*x(1)*x(1)*x(1)*x(2)*x(2)*x(2)*x(2) - 0.902878*x(1)*x(1)*x(1)*x(1)*x(1)*x(1)*x(1) - 0.729396*x(2)*x(2)*x(2) + 0.633538*x(1)*x(1)*x(1)*x(2)*x(2) - 0.628739*x(1)*x(1)*x(2) - 0.60551*x(1)*x(1)*x(1)*x(1)*x(2) - 0.406894*x(1)*x(1)*x(1)*x(1)*x(1)*x(2)*x(2) + 0.406364*x(1)*x(2)*x(2)*x(2)*x(2) - 0.358183*x(1)*x(1)*x(1) - 0.339131*x(2)*x(2)*x(2)*x(2)*x(2) + 0.154536*x(1)*x(1)*x(1)*x(1)*x(1)*x(1)*x(2)
