dx(1)/dt = -17.7391*x(1)*x(1)*x(1)*x(1)*x(1) + 14.468*x(1)*x(1)*x(1)*x(1)*x(1)*x(1)*x(1) + 11.8901*x(1)*x(1)*x(1)*x(2)*x(2) - 6.18199*x(1)*x(2)*x(2)*x(2)*x(2) + 5.78721*x(1)*x(2)*x(2)*x(2)*x(2)*x(2)*x(2) - 4.9915*x(1)*x(1)*x(1)*x(1)*x(1)*x(2)*x(2) - 4.08142*x(1)*x(2)*x(2) - 2.8453*x(1)*x(1)*x(2)*x(2)*x(2) + 2.75876*x(1)*x(1)*x(1)*x(1)*x(2)*x(2)*x(2) + 2.1873*x(2)*x(2)*x(2)*x(2)*x(2) + 2.00023*x(1)*x(1)*x(2) - 1.84317*x(1)*x(1)*x(1)*x(1)*x(2) - 1.40292*x(2)*x(2)*x(2) - 0.784327*x(2)*x(2)*x(2)*x(2)*x(2)*x(2)*x(2) - 0.76538*x(1)*x(1)*x(1)*x(2)*x(2)*x(2)*x(2) - 0.733997*x(1)*x(1)*x(1)*x(2) + 0.497584*x(1)*x(1)*x(1)*x(1)*x(1)*x(2) + 0.483702*x(1)*x(1)*x(1) + 0.479196*x(1)*x(1)*x(1)*x(2)*x(2)*x(2) - 0.311995*x(1)*x(1)*x(1)*x(1)*x(1)*x(1) - 0.293706*x(1)*x(2)*x(2)*x(2) + 0.285762*x(1)*x(1)*x(1)*x(1) + 0.225629*x(1) + 0.166634*x(1)*x(2)*x(2)*x(2)*x(2)*x(2) + 0.148501*x(1)*x(2) - 0.142086*x(1)*x(1)*x(2)*x(2)*x(2)*x(2) + 0.120509*x(1)*x(1)*x(2)*x(2) - 0.109183*x(2)
dx(2)/dt = -15.809*x(2)*x(2)*x(2)*x(2)*x(2) + 13.1683*x(2)*x(2)*x(2)*x(2)*x(2)*x(2)*x(2) + 10.6718*x(1)*x(1)*x(2)*x(2)*x(2) - 5.18284*x(1)*x(1)*x(1)*x(1)*x(2) + 4.86454*x(1)*x(1)*x(1)*x(1)*x(1)*x(1)*x(2) - 4.07681*x(1)*x(1)*x(2)*x(2)*x(2)*x(2)*x(2) - 3.97929*x(1)*x(1)*x(2) - 3.01432*x(1)*x(1)*x(1)*x(1)*x(1) - 2.18126*x(1)*x(1)*x(1)*x(2)*x(2)*x(2)*x(2) + 1.87846*x(1)*x(1)*x(1)*x(2)*x(2) + 1.57549*x(1)*x(1)*x(1) + 1.47694*x(1)*x(1)*x(1)*x(1)*x(1)*x(1)*x(1) + 1.44044*x(1)*x(2)*x(2)*x(2)*x(2)*x(2)*x(2) - 0.772758*x(1)*x(2)*x(2)*x(2)*x(2) - 0.714283*x(1)*x(1)*x(2)*x(2) + 0.677332*x(1)*x(1)*x(2)*x(2)*x(2)*x(2) - 0.668667*x(1)*x(1)*x(1)*x(1)*x(2)*x(2)*x(2) - 0.532733*x(1)*x(2)*x(2) + 0.375735*x(1)*x(1)*x(1)*x(1)*x(2)*x(2) + 0.251024*x(2) - 0.241859*x(1)*x(1)*x(1)*x(1)*x(1)*x(2) + 0.240703*x(1)*x(1)*x(1)*x(2) - 0.217177*x(2)*x(2)*x(2) - 0.122599*x(2)*x(2)*x(2)*x(2) + 0.111291*x(2)*x(2) + 0.0996738*x(1)
