dx(1)/dt = -13.104*x(1)*x(1)*x(1)*x(1)*x(1) + 8.30394*x(1)*x(1)*x(1)*x(1)*x(1)*x(1)*x(1) + 6.85388*x(1)*x(1)*x(2)*x(2)*x(2) + 5.88689*x(1)*x(1)*x(1)*x(1)*x(1)*x(2)*x(2) - 4.58793*x(2)*x(2)*x(2)*x(2)*x(2) - 3.95836*x(1)*x(2)*x(2) + 3.61553*x(2)*x(2)*x(2)*x(2)*x(2)*x(2)*x(2) - 2.71046*x(1)*x(1)*x(2)*x(2)*x(2)*x(2)*x(2) + 2.60879*x(1)*x(1)*x(1)*x(1)*x(1)*x(1)*x(2) - 2.52621*x(1)*x(1)*x(2) - 2.25729*x(1)*x(1)*x(1)*x(1)*x(2)*x(2)*x(2) + 1.9422*x(1)*x(2)*x(2)*x(2)*x(2)*x(2)*x(2) + 1.58007*x(1)*x(1)*x(1) - 1.54405*x(1)*x(1)*x(1)*x(2)*x(2) - 1.25203*x(1)*x(1)*x(1)*x(1)*x(2) - 1.23327*x(2) + 0.97549*x(1)*x(1)*x(1)*x(2)*x(2)*x(2)*x(2) - 0.948519*x(1)*x(2)*x(2)*x(2)*x(2) - 0.644172*x(1)*x(2)*x(2)*x(2) + 0.57746*x(1)*x(1)*x(2)*x(2) + 0.500629*x(1)*x(2)*x(2)*x(2)*x(2)*x(2) + 0.481103*x(1)*x(1)*x(1)*x(2)*x(2)*x(2) - 0.476949*x(1)*x(1)*x(2)*x(2)*x(2)*x(2) + 0.299951*x(2)*x(2)*x(2) - 0.284971*x(1)*x(1)*x(1)*x(1)*x(2)*x(2) - 0.236527*x(1)*x(1)*x(1)*x(2) - 0.172536*x(1)*x(1)*x(1)*x(1)*x(1)*x(1) + 0.153577*x(1)*x(2) + 0.146814*x(1) + 0.133954*x(1)*x(1)*x(1)*x(1)
dx(2)/dt = -8.47369*x(2)*x(2)*x(2)*x(2)*x(2) - 6.72517*x(1)*x(1)*x(1)*x(2)*x(2) + 6.64514*x(1)*x(1)*x(2)*x(2)*x(2)*x(2)*x(2) + 5.13894*x(2)*x(2)*x(2)*x(2)*x(2)*x(2)*x(2) - 4.47764*x(1)*x(1)*x(2) + 4.24476*x(1)*x(1)*x(1)*x(1)*x(1) - 3.28622*x(1)*x(1)*x(1)*x(1)*x(1)*x(1)*x(1) - 3.21789*x(1)*x(1)*x(2)*x(2)*x(2) - 2.91127*x(1)*x(2)*x(2)*x(2)*x(2)*x(2)*x(2) + 2.63693*x(1)*x(2)*x(2) + 2.43916*x(1)*x(1)*x(1)*x(1)*x(1)*x(2)*x(2) + 2.32888*x(1)*x(1)*x(1)*x(2)*x(2)*x(2)*x(2) + 1.79715*x(1)*x(1)*x(1)*x(1)*x(2) + 1.6042*x(1)*x(1)*x(1)*x(1)*x(2)*x(2)*x(2) + 1.30855*x(1)*x(2)*x(2)*x(2)*x(2) + 1.24781*x(1) + 0.511809*x(1)*x(1)*x(2)*x(2)*x(2)*x(2) - 0.504466*x(1)*x(1)*x(2)*x(2) - 0.428227*x(1)*x(1)*x(1)*x(2)*x(2)*x(2) + 0.344959*x(1)*x(1)*x(1)*x(2) - 0.337961*x(1)*x(1)*x(1)*x(1)*x(1)*x(2) - 0.279109*x(1)*x(1)*x(1) + 0.263386*x(1)*x(2)*x(2)*x(2) + 0.261001*x(1)*x(1)*x(1)*x(1)*x(2)*x(2) + 0.231723*x(2) - 0.103915*x(1)*x(1)*x(1)*x(1)*x(1)*x(1)*x(2) - 0.0553834*x(1)*x(2)*x(2)*x(2)*x(2)*x(2)
