dx(1)/dt = -0.85984*x(1) + 2.24304*x(2) - 0.17517*x(1)*x(1) - 0.25332*x(1)*x(2) - 0.05164*x(2)*x(2) + 0.57704*x(1)*x(1)*x(1) - 0.63355*x(1)*x(1)*x(2) - 1.61827*x(1)*x(2)*x(2) + 0.11904*x(2)*x(2)*x(2)
dx(2)/dt = 0.06358*1 - 2.21554*x(1) + 0.14933*x(2) - 0.17896*x(1)*x(1) - 0.07586*x(1)*x(2) - 0.14061*x(2)*x(2) + 0.25724*x(1)*x(1)*x(1) - 2.94290*x(1)*x(1)*x(2) - 2.08647*x(1)*x(2)*x(2) - 1.53435*x(2)*x(2)*x(2)
