dx(1)/dt = +0.76810*x(1) +3.21637*x(2) +0.08129*x(1)*x(1) +0.04671*x(1)*x(2) -0.04532*x(2)*x(2) -0.70385*x(1)*x(1)*x(1) -1.17791*x(1)*x(1)*x(2) -0.18032*x(1)*x(2)*x(2) -1.01675*x(2)*x(2)*x(2) -0.28471*x(1)*x(1)*x(1)*x(1) -0.20622*x(1)*x(1)*x(1)*x(2) -0.10130*x(1)*x(1)*x(2)*x(2) -0.03975*x(1)*x(2)*x(2)*x(2) +0.09961*x(2)*x(2)*x(2)*x(2) +0.12774*x(1)*x(1)*x(1)*x(1)*x(1) +0.95690*x(1)*x(1)*x(1)*x(1)*x(2) -1.10920*x(1)*x(1)*x(1)*x(2)*x(2) +2.63667*x(1)*x(1)*x(2)*x(2)*x(2) -0.80786*x(1)*x(2)*x(2)*x(2)*x(2) +0.65410*x(2)*x(2)*x(2)*x(2)*x(2)
dx(2)/dt = -3.25703*x(1) +0.75403*x(2) +0.00228*x(1)*x(1) -0.11998*x(1)*x(2) -0.01976*x(2)*x(2) +1.12936*x(1)*x(1)*x(1) -0.02385*x(1)*x(1)*x(2) +1.33982*x(1)*x(2)*x(2) -0.71090*x(2)*x(2)*x(2) -0.04574*x(1)*x(1)*x(1)*x(1) +0.34748*x(1)*x(1)*x(1)*x(2) +0.07621*x(1)*x(1)*x(2)*x(2) +0.27890*x(1)*x(2)*x(2)*x(2) +0.06839*x(2)*x(2)*x(2)*x(2) -0.78056*x(1)*x(1)*x(1)*x(1)*x(1) -0.97327*x(1)*x(1)*x(1)*x(1)*x(2) -2.83537*x(1)*x(1)*x(1)*x(2)*x(2) -1.42966*x(1)*x(1)*x(2)*x(2)*x(2) -1.19663*x(1)*x(2)*x(2)*x(2)*x(2) +0.21536*x(2)*x(2)*x(2)*x(2)*x(2)
