dx(1)/dt = +2.86803*x(1) -1.12277*x(2) -3.91478*x(1)*x(1) -28.92030*x(1)*x(2) +2.34769*x(2)*x(2) -2.48676*x(1)*x(1)*x(1) +2.72270*x(1)*x(1)*x(2) -1.14545*x(1)*x(2)*x(2) +3.83024*x(2)*x(2)*x(2) +1.48726*x(1)*x(1)*x(1)*x(1) +10.36874*x(1)*x(1)*x(1)*x(2) +0.27376*x(1)*x(1)*x(2)*x(2) +8.44633*x(1)*x(2)*x(2)*x(2) -0.78724*x(2)*x(2)*x(2)*x(2)
dx(2)/dt = -19.16207*x(1) -0.59405*x(2) +4.44781*x(1)*x(1) +51.23899*x(1)*x(2) -3.23878*x(2)*x(2) +2.20562*x(1)*x(1)*x(1) +0.73428*x(1)*x(1)*x(2) +3.00037*x(1)*x(2)*x(2) -0.76011*x(2)*x(2)*x(2) -3.20738*x(1)*x(1)*x(1)*x(1) -16.25535*x(1)*x(1)*x(1)*x(2) -0.20244*x(1)*x(1)*x(2)*x(2) -13.08192*x(1)*x(2)*x(2)*x(2) +2.07875*x(2)*x(2)*x(2)*x(2)
