dx(1)/dt = -0.00481·x(1) +0.16450·x(2) -0.24462·x(3) -0.03759·x(4) +0.07245·x(1)*x(1) +0.01634·x(1)*x(2) +0.31773·x(1)*x(3) +0.35438·x(1)*x(4) +0.00191·x(2)*x(2) -0.30938·x(2)*x(3) -0.14245·x(2)*x(4) +1.08660·x(3)*x(3) +1.23055·x(3)*x(4) +0.35029·x(4)*x(4) -0.04692·x(1)*x(1)*x(1) -0.10256·x(1)*x(1)*x(2) -0.22935·x(1)*x(1)*x(3) +0.20806·x(1)*x(1)*x(4) +0.06299·x(1)*x(2)*x(2) -1.09442·x(1)*x(2)*x(3) -0.44175·x(1)*x(2)*x(4) -0.70292·x(1)*x(3)*x(3) -1.37113·x(1)*x(3)*x(4) -0.15346·x(1)*x(4)*x(4) +0.00341·x(2)*x(2)*x(2) +0.25121·x(2)*x(2)*x(3) +0.02192·x(2)*x(2)*x(4) +2.10652·x(2)*x(3)*x(3) +0.87574·x(2)*x(3)*x(4) -0.01270·x(2)*x(4)*x(4) -1.63463·x(3)*x(3)*x(3) -1.59519·x(3)*x(3)*x(4) +1.01368·x(3)*x(4)*x(4) -0.18740·x(4)*x(4)*x(4)
dx(2)/dt = +0.28450·x(1) +0.12900·x(2) +14.69954·x(3) +2.26718·x(4) -4.34854·x(1)*x(1) -0.98139·x(1)*x(2) -18.93102·x(1)*x(3) -21.18981·x(1)*x(4) -0.11472·x(2)*x(2) +18.53902·x(2)*x(3) +8.50961·x(2)*x(4) -65.62451·x(3)*x(3) -73.88893·x(3)*x(4) -20.87727·x(4)*x(4) +2.79889·x(1)*x(1)*x(1) +6.12249·x(1)*x(1)*x(2) +13.80616·x(1)*x(1)*x(3) -12.45462·x(1)*x(1)*x(4) -3.76680·x(1)*x(2)*x(2) +65.53798·x(1)*x(2)*x(3) +26.42404·x(1)*x(2)*x(4) +41.84820·x(1)*x(3)*x(3) +82.39891·x(1)*x(3)*x(4) +9.31801·x(1)*x(4)*x(4) -0.20482·x(2)*x(2)*x(2) -15.05684·x(2)*x(2)*x(3) -1.31908·x(2)*x(2)*x(4) -127.04030·x(2)*x(3)*x(3) -52.60370·x(2)*x(3)*x(4) +0.76882·x(2)*x(4)*x(4) +99.07472·x(3)*x(3)*x(3) +96.24997·x(3)*x(3)*x(4) -61.10397·x(3)*x(4)*x(4) +11.21604·x(4)*x(4)*x(4)
dx(3)/dt = +0.00141·x(1) -0.00000·x(2) -0.03939·x(3) +0.16093·x(4) +0.00074·x(1)*x(1) +0.00079·x(1)*x(2) -0.05663·x(1)*x(3) -0.10596·x(1)*x(4) -0.00125·x(2)*x(2) +0.10091·x(2)*x(3) +0.00740·x(2)*x(4) +0.53352·x(3)*x(3) -0.08182·x(3)*x(4) -0.09353·x(4)*x(4) +0.00950·x(1)*x(1)*x(1) +0.03440·x(1)*x(1)*x(2) -0.01811·x(1)*x(1)*x(3) -0.02128·x(1)*x(1)*x(4) -0.00347·x(1)*x(2)*x(2) +0.08292·x(1)*x(2)*x(3) +0.02754·x(1)*x(2)*x(4) +0.09551·x(1)*x(3)*x(3) +0.34592·x(1)*x(3)*x(4) -0.08576·x(1)*x(4)*x(4) -0.00038·x(2)*x(2)*x(2) +0.06743·x(2)*x(2)*x(3) +0.01577·x(2)*x(2)*x(4) -0.61543·x(2)*x(3)*x(3) +0.18779·x(2)*x(3)*x(4) +0.00764·x(2)*x(4)*x(4) -1.22918·x(3)*x(3)*x(3) +0.66460·x(3)*x(3)*x(4) +0.14523·x(3)*x(4)*x(4) -0.14428·x(4)*x(4)*x(4)
dx(4)/dt = -0.08352·x(1) +0.00085·x(2) +2.34358·x(3) +0.36280·x(4) -0.04361·x(1)*x(1) -0.05105·x(1)*x(2) +3.33907·x(1)*x(3) +6.29103·x(1)*x(4) +0.07532·x(2)*x(2) -6.05386·x(2)*x(3) -0.41451·x(2)*x(4) -31.62988·x(3)*x(3) +4.28815·x(3)*x(4) +5.49801·x(4)*x(4) -0.55619·x(1)*x(1)*x(1) -2.02633·x(1)*x(1)*x(2) +1.02906·x(1)*x(1)*x(3) +1.25180·x(1)*x(1)*x(4) +0.19336·x(1)*x(2)*x(2) -4.78917·x(1)*x(2)*x(3) -1.55693·x(1)*x(2)*x(4) -5.67488·x(1)*x(3)*x(3) -20.71562·x(1)*x(3)*x(4) +5.13276·x(1)*x(4)*x(4) +0.02233·x(2)*x(2)*x(2) -4.09514·x(2)*x(2)*x(3) -0.95087·x(2)*x(2)*x(4) +36.94908·x(2)*x(3)*x(3) -11.29825·x(2)*x(3)*x(4) -0.45053·x(2)*x(4)*x(4) +73.24010·x(3)*x(3)*x(3) -37.98482·x(3)*x(3)*x(4) -8.66958·x(3)*x(4)*x(4) +8.69361·x(4)*x(4)*x(4)
