dx(1)/dt = 1.00085*x(2) - 0.000401644*x(1)*x(1)*x(2) - 0.000131046*x(1)*x(1)*x(1) - 0.000101647*x(2)*x(2)*x(2) - 9.12703e-05*x(1)*x(2)*x(2) + 7.05222e-05*x(1)*x(2) + 6.74717e-05*x(1) + 5.35397e-05*x(1)*x(1)*x(2)*x(2) - 3.57899e-05*x(1)*x(2)*x(2)*x(2) + 3.10129e-05*x(1)*x(1)*x(1)*x(1)*x(2) + 2.76772e-05*x(1)*x(1) + 2.64839e-05*x(1)*x(1)*x(1)*x(2)
dx(2)/dt = -1.00123*x(1) - 0.992047*x(1)*x(1)*x(2) + 0.983954*x(2) - 0.00282431*x(1)*x(2) - 0.00256035*x(1)*x(2)*x(2) + 0.00170258*x(2)*x(2) - 0.00156959*x(1)*x(1)*x(2)*x(2) + 0.00151181*x(2)*x(2)*x(2) + 0.000881163*x(1)*x(2)*x(2)*x(2) + 0.000786827*x(1)*x(1)*x(1) - 0.000540852*x(1)*x(1) + 0.000498244*x(1)*x(2)*x(2)*x(2)*x(2)
