dx(1)/dt = +40.12724*x(1) -24.40905*x(2) -3.47877*x(3) -35.03554*x(1)*x(1) +0.25730*x(1)*x(2) +61.10851*x(1)*x(3) -1.42487*x(2)*x(2) -2.72395*x(2)*x(3) -29.04532*x(3)*x(3) +44.05992*x(1)*x(1)*x(1) -64.03874*x(1)*x(1)*x(2) -120.97345*x(1)*x(1)*x(3) +32.24504*x(1)*x(2)*x(2) +111.78251*x(1)*x(2)*x(3) +33.39742*x(1)*x(3)*x(3) -5.01935*x(2)*x(2)*x(2) -26.84840*x(2)*x(2)*x(3) -20.16570*x(2)*x(3)*x(3) -3.00004*x(3)*x(3)*x(3)
dx(2)/dt = -94.28617*x(1) +28.44426*x(2) +15.45395*x(3) -37.28844*x(1)*x(1) +6.91076*x(1)*x(2) +63.56822*x(1)*x(3) -34.83005*x(2)*x(2) +2.35085*x(2)*x(3) -23.81490*x(3)*x(3) -154.19754*x(1)*x(1)*x(1) +138.44621*x(1)*x(1)*x(2) +319.22171*x(1)*x(1)*x(3) -36.85529*x(1)*x(2)*x(2) -204.69554*x(1)*x(2)*x(3) -77.56177*x(1)*x(3)*x(3) +4.70672*x(2)*x(2)*x(2) +34.06574*x(2)*x(2)*x(3) +23.49815*x(2)*x(3)*x(3) +12.65457*x(3)*x(3)*x(3)
dx(3)/dt = 0
