dt: 0.4
polyorder: 5
g_dim: 45
width: 128
depth: 4
dropout: 0.05
epochs_A: 120
epochs_B: 200
lrA: 0.002
lrB_start: 0.003
lrB_end: 0.0003
decayA_last_frac: 0.3
decayA_min_ratio: 0.2
lam_phi: 3.0e-10
lam_g: 9.81234647049021e-06
lam_full: 5.314631315478929e-07
rollout_B: 16
beta_align: 0.012602171444400928
batch_size: 1024
grad_clip: 1.0
