dx(1)/dt = -0.71581·x(1) +4.78742·x(2) +0.28557·x(1)*x(1) -0.01039·x(1)*x(2) -0.24698·x(2)*x(2) +2.47369·x(1)*x(1)*x(1) -5.23197·x(1)*x(1)*x(2) +4.21040·x(1)*x(2)*x(2) -7.22363·x(2)*x(2)*x(2) -0.96528·x(1)*x(1)*x(1)*x(1) -0.27177·x(1)*x(1)*x(1)*x(2) -0.21509·x(1)*x(1)*x(2)*x(2) +0.45611·x(1)*x(2)*x(2)*x(2) +0.39488·x(2)*x(2)*x(2)*x(2) -1.32016·x(1)*x(1)*x(1)*x(1)*x(1) +3.40677·x(1)*x(1)*x(1)*x(1)*x(2) -8.41196·x(1)*x(1)*x(1)*x(2)*x(2) +11.63384·x(1)*x(1)*x(2)*x(2)*x(2) -4.59261·x(1)*x(2)*x(2)*x(2)*x(2) +6.58267·x(2)*x(2)*x(2)*x(2)*x(2)
dx(2)/dt = -4.98051·x(1) -0.66471·x(2) -0.24247·x(1)*x(1) -0.63242·x(1)*x(2) -0.00708·x(2)*x(2) +7.62382·x(1)*x(1)*x(1) +4.60239·x(1)*x(1)*x(2) +6.19163·x(1)*x(2)*x(2) +2.11490·x(2)*x(2)*x(2) +0.68453·x(1)*x(1)*x(1)*x(1) +1.75214·x(1)*x(1)*x(1)*x(2) +0.50680·x(1)*x(1)*x(2)*x(2) +1.58016·x(1)*x(2)*x(2)*x(2) +0.16764·x(2)*x(2)*x(2)*x(2) -6.82169·x(1)*x(1)*x(1)*x(1)*x(1) -5.11558·x(1)*x(1)*x(1)*x(1)*x(2) -13.20461·x(1)*x(1)*x(1)*x(2)*x(2) -9.10848·x(1)*x(1)*x(2)*x(2)*x(2) -4.54425·x(1)*x(2)*x(2)*x(2)*x(2) -0.67881·x(2)*x(2)*x(2)*x(2)*x(2)
