dx(1)/dt = +0.29696*x(1) +1.07209*x(2) -0.00014*x(1)*x(1) -0.00002*x(1)*x(2) -0.00034*x(2)*x(2) -0.05681*x(1)*x(1)*x(1) -0.04313*x(1)*x(1)*x(2) -0.00207*x(1)*x(2)*x(2) -0.00294*x(2)*x(2)*x(2)
dx(2)/dt = +3.91472*x(1) +0.19285*x(2) +0.00114*x(1)*x(1) -0.00274*x(1)*x(2) -0.00033*x(2)*x(2) -0.73606*x(1)*x(1)*x(1) -0.15331*x(1)*x(1)*x(2) -0.11869*x(1)*x(2)*x(2) -0.00293*x(2)*x(2)*x(2)
