dx(1)/dt = +0.04522*x(1) +1.06524*x(2) +0.00215*x(1)*x(1) -0.00271*x(1)*x(2) -0.00499*x(2)*x(2) +0.01782*x(1)*x(1)*x(1) +0.06591*x(1)*x(1)*x(2) -0.05322*x(1)*x(2)*x(2) -0.04593*x(2)*x(2)*x(2) -0.00074*x(1)*x(1)*x(1)*x(1) +0.00063*x(1)*x(1)*x(1)*x(2) -0.00082*x(1)*x(1)*x(2)*x(2) +0.00061*x(1)*x(2)*x(2)*x(2) +0.00258*x(2)*x(2)*x(2)*x(2) -0.00447*x(1)*x(1)*x(1)*x(1)*x(1) -0.01057*x(1)*x(1)*x(1)*x(1)*x(2) +0.00841*x(1)*x(1)*x(1)*x(2)*x(2) -0.01522*x(1)*x(1)*x(2)*x(2)*x(2) +0.00270*x(1)*x(2)*x(2)*x(2)*x(2) +0.00674*x(2)*x(2)*x(2)*x(2)*x(2)
dx(2)/dt = -1.63913*x(1) +0.84358*x(2) -0.00752*x(1)*x(1) +0.00706*x(1)*x(2) -0.02483*x(2)*x(2) +0.20710*x(1)*x(1)*x(1) -0.99817*x(1)*x(1)*x(2) +0.33295*x(1)*x(2)*x(2) -0.00421*x(2)*x(2)*x(2) +0.00329*x(1)*x(1)*x(1)*x(1) -0.00308*x(1)*x(1)*x(1)*x(2) +0.01101*x(1)*x(1)*x(2)*x(2) -0.01079*x(1)*x(2)*x(2)*x(2) +0.01024*x(2)*x(2)*x(2)*x(2) -0.02364*x(1)*x(1)*x(1)*x(1)*x(1) +0.00079*x(1)*x(1)*x(1)*x(1)*x(2) +0.02404*x(1)*x(1)*x(1)*x(2)*x(2) +0.08262*x(1)*x(1)*x(2)*x(2)*x(2) -0.06888*x(1)*x(2)*x(2)*x(2)*x(2) -0.00388*x(2)*x(2)*x(2)*x(2)*x(2)
