dx(1)/dt = -2.82666*x(2) - 0.962534*x(1)*x(2)*x(2) + 0.869571*x(1) - 0.828268*x(1)*x(1)*x(1) + 0.368553*x(1)*x(1)*x(2) - 0.270303*x(1)*x(1)*x(1)*x(1)*x(2) - 0.138179*x(1)*x(1)*x(2)*x(2)*x(2) + 0.128636*x(2)*x(2)*x(2)*x(2)*x(2) + 0.0789666*x(1)*x(2)*x(2)*x(2)*x(2) - 0.0287264*x(1)*x(1)*x(1)*x(1)*x(1) + 0.0101053*x(1)*x(1)*x(2)*x(2) - 0.00892719*x(2)*x(2)*x(2)
dx(2)/dt = 2.50475*x(1) - 0.947966*x(1)*x(1)*x(2) + 0.871011*x(2) - 0.79957*x(2)*x(2)*x(2) + 0.435244*x(1)*x(1)*x(1) - 0.233155*x(1)*x(1)*x(1)*x(1)*x(1) + 0.208093*x(1)*x(2)*x(2)*x(2)*x(2) - 0.0628107*x(2)*x(2)*x(2)*x(2)*x(2) + 0.0411361*x(1)*x(1)*x(1)*x(1)*x(2) - 0.0265061*x(1)*x(1)*x(1)*x(2)*x(2) + 0.0155131*x(1)*x(2)*x(2) + 0.010956*x(1)*x(1)*x(2)*x(2)
