dx(1)/dt = +0.44950*x(1) +9.96639*x(2) -1.00660*x(1)*x(1) -0.36719*x(1)*x(2) -0.26128*x(2)*x(2) -0.49121*x(1)*x(1)*x(1) +0.16160*x(1)*x(1)*x(2) +0.46987*x(1)*x(2)*x(2) +0.05648*x(2)*x(2)*x(2) +0.04657*x(1)*x(1)*x(1)*x(1) +0.17950*x(1)*x(1)*x(1)*x(2) +0.42145*x(1)*x(1)*x(2)*x(2) -0.03584*x(1)*x(2)*x(2)*x(2) +0.00483*x(2)*x(2)*x(2)*x(2)
dx(2)/dt = -10.83078*x(1) +0.08908*x(2) +0.01742*x(1)*x(1) +2.06538*x(1)*x(2) +0.16777*x(2)*x(2) -0.25850*x(1)*x(1)*x(1) -1.03746*x(1)*x(1)*x(2) -0.01802*x(1)*x(2)*x(2) +0.11037*x(2)*x(2)*x(2) -0.16041*x(1)*x(1)*x(1)*x(1) -0.92265*x(1)*x(1)*x(1)*x(2) -0.47651*x(1)*x(1)*x(2)*x(2) -0.39476*x(1)*x(2)*x(2)*x(2) -0.00688*x(2)*x(2)*x(2)*x(2)
