dx(1)/dt = -0.01198*x(1) -2.91484*x(2) +0.01457*x(1)*x(1) -0.00289*x(1)*x(2) -0.02886*x(2)*x(2) -0.71689*x(1)*x(1)*x(1) +0.76193*x(1)*x(1)*x(2) -0.39142*x(1)*x(2)*x(2) +0.97797*x(2)*x(2)*x(2) -0.27268*x(1)*x(1)*x(1)*x(1) +0.05503*x(1)*x(1)*x(1)*x(2) +0.41762*x(1)*x(1)*x(2)*x(2) +0.11257*x(1)*x(2)*x(2)*x(2) +0.31991*x(2)*x(2)*x(2)*x(2) -0.07082*x(1)*x(1)*x(1)*x(1)*x(1) -2.09258*x(1)*x(1)*x(1)*x(1)*x(2) -2.04551*x(1)*x(1)*x(1)*x(2)*x(2) -5.48476*x(1)*x(1)*x(2)*x(2)*x(2) -1.75834*x(1)*x(2)*x(2)*x(2)*x(2) -3.51314*x(2)*x(2)*x(2)*x(2)*x(2) +1.29424*x(1)*x(1)*x(1)*x(1)*x(1)*x(1) -0.98240*x(1)*x(1)*x(1)*x(1)*x(1)*x(2) -2.11773*x(1)*x(1)*x(1)*x(1)*x(2)*x(2) +1.24742*x(1)*x(1)*x(1)*x(2)*x(2)*x(2) -0.37250*x(1)*x(1)*x(2)*x(2)*x(2)*x(2) -0.88267*x(1)*x(2)*x(2)*x(2)*x(2)*x(2) -1.25548*x(2)*x(2)*x(2)*x(2)*x(2)*x(2) -0.87431*x(1)*x(1)*x(1)*x(1)*x(1)*x(1)*x(1) +1.47219*x(1)*x(1)*x(1)*x(1)*x(1)*x(1)*x(2) +1.03597*x(1)*x(1)*x(1)*x(1)*x(1)*x(2)*x(2) +7.99922*x(1)*x(1)*x(1)*x(1)*x(2)*x(2)*x(2) +1.45678*x(1)*x(1)*x(1)*x(2)*x(2)*x(2)*x(2) +5.63750*x(1)*x(1)*x(2)*x(2)*x(2)*x(2)*x(2) +1.51346*x(1)*x(2)*x(2)*x(2)*x(2)*x(2)*x(2) +4.12656*x(2)*x(2)*x(2)*x(2)*x(2)*x(2)*x(2)
dx(2)/dt = +2.90735*x(1) -0.00153*x(2) -0.00753*x(1)*x(1) -0.02366*x(1)*x(2) -0.00733*x(2)*x(2) -0.89379*x(1)*x(1)*x(1) -0.55352*x(1)*x(1)*x(2) -0.60013*x(1)*x(2)*x(2) -0.85585*x(2)*x(2)*x(2) +0.14756*x(1)*x(1)*x(1)*x(1) +0.27116*x(1)*x(1)*x(1)*x(2) +0.04727*x(1)*x(1)*x(2)*x(2) -0.02833*x(1)*x(2)*x(2)*x(2) +0.16830*x(2)*x(2)*x(2)*x(2) +3.19468*x(1)*x(1)*x(1)*x(1)*x(1) -1.02465*x(1)*x(1)*x(1)*x(1)*x(2) +4.37517*x(1)*x(1)*x(1)*x(2)*x(2) -1.99042*x(1)*x(1)*x(2)*x(2)*x(2) +1.87677*x(1)*x(2)*x(2)*x(2)*x(2) +0.49050*x(2)*x(2)*x(2)*x(2)*x(2) -0.69337*x(1)*x(1)*x(1)*x(1)*x(1)*x(1) -0.62362*x(1)*x(1)*x(1)*x(1)*x(1)*x(2) -0.46176*x(1)*x(1)*x(1)*x(1)*x(2)*x(2) -0.54160*x(1)*x(1)*x(1)*x(2)*x(2)*x(2) -0.18830*x(1)*x(1)*x(2)*x(2)*x(2)*x(2) +0.64287*x(1)*x(2)*x(2)*x(2)*x(2)*x(2) -0.84511*x(2)*x(2)*x(2)*x(2)*x(2)*x(2) -3.42519*x(1)*x(1)*x(1)*x(1)*x(1)*x(1)*x(1) +0.59530*x(1)*x(1)*x(1)*x(1)*x(1)*x(1)*x(2) -5.30491*x(1)*x(1)*x(1)*x(1)*x(1)*x(2)*x(2) +1.80334*x(1)*x(1)*x(1)*x(1)*x(2)*x(2)*x(2) -5.32997*x(1)*x(1)*x(1)*x(2)*x(2)*x(2)*x(2) +0.17425*x(1)*x(1)*x(2)*x(2)*x(2)*x(2)*x(2) -1.85579*x(1)*x(2)*x(2)*x(2)*x(2)*x(2)*x(2) -1.47088*x(2)*x(2)*x(2)*x(2)*x(2)*x(2)*x(2)
