dx(1)/dt = +1.13890·x(1) +2.40073·x(2) -0.00217·x(1)*x(1) -0.00119·x(1)*x(2) +0.00552·x(2)*x(2) -1.13692·x(1)*x(1)*x(1) +0.39453·x(1)*x(1)*x(2) -1.29941·x(1)*x(2)*x(2) +0.23774·x(2)*x(2)*x(2) +0.00298·x(1)*x(1)*x(1)*x(1) -0.00208·x(1)*x(1)*x(1)*x(2) -0.00825·x(1)*x(1)*x(2)*x(2) +0.00747·x(1)*x(2)*x(2)*x(2) -0.00091·x(2)*x(2)*x(2)*x(2) +0.00406·x(1)*x(1)*x(1)*x(1)*x(1) -0.06611·x(1)*x(1)*x(1)*x(1)*x(2) +0.22509·x(1)*x(1)*x(1)*x(2)*x(2) -0.25918·x(1)*x(1)*x(2)*x(2)*x(2) +0.12768·x(1)*x(2)*x(2)*x(2)*x(2) +0.04396·x(2)*x(2)*x(2)*x(2)*x(2)
dx(2)/dt = -2.40330·x(1) +1.19669·x(2) -0.01189·x(1)*x(1) +0.00222·x(1)*x(2) +0.00792·x(2)*x(2) -0.23449·x(1)*x(1)*x(1) -1.34531·x(1)*x(1)*x(2) -0.39273·x(1)*x(2)*x(2) -1.23598·x(2)*x(2)*x(2) +0.01032·x(1)*x(1)*x(1)*x(1) -0.00000·x(1)*x(1)*x(1)*x(2) +0.00389·x(1)*x(1)*x(2)*x(2) -0.00296·x(1)*x(2)*x(2)*x(2) -0.00758·x(2)*x(2)*x(2)*x(2) -0.04471·x(1)*x(1)*x(1)*x(1)*x(1) +0.12295·x(1)*x(1)*x(1)*x(1)*x(2) +0.23779·x(1)*x(1)*x(1)*x(2)*x(2) +0.24927·x(1)*x(1)*x(2)*x(2)*x(2) +0.07085·x(1)*x(2)*x(2)*x(2)*x(2) +0.04412·x(2)*x(2)*x(2)*x(2)*x(2)
