dx(1)/dt = +0.00001·x(1) +0.99998·x(2) +0.00000·x(1)*x(1) +0.00000·x(1)*x(2) +0.00000·x(2)*x(2) -0.00000·x(1)*x(1)*x(1) +0.00001·x(1)*x(1)*x(2) -0.00000·x(1)*x(2)*x(2) +0.00000·x(2)*x(2)*x(2)
dx(2)/dt = +5.00012·x(1) -0.49999·x(2) +0.00000·x(1)*x(1) +0.00000·x(1)*x(2) +0.00000·x(2)*x(2) -1.00003·x(1)*x(1)*x(1) -0.00000·x(1)*x(1)*x(2) +0.00002·x(1)*x(2)*x(2) -0.00000·x(2)*x(2)*x(2)
