dx(1)/dt = -0.02933*x(1) -2.72917*x(2) +0.05373*x(1)*x(1) +0.00401*x(1)*x(2) -0.03058*x(2)*x(2) -0.09558*x(1)*x(1)*x(1) +1.58838*x(1)*x(1)*x(2) +0.52380*x(1)*x(2)*x(2) +1.18164*x(2)*x(2)*x(2) -1.02555*x(1)*x(1)*x(1)*x(1) -0.09037*x(1)*x(1)*x(1)*x(2) +1.06662*x(1)*x(1)*x(2)*x(2) +0.18987*x(1)*x(2)*x(2)*x(2) +0.26156*x(2)*x(2)*x(2)*x(2) -2.03500*x(1)*x(1)*x(1)*x(1)*x(1) -6.03670*x(1)*x(1)*x(1)*x(1)*x(2) -8.85600*x(1)*x(1)*x(1)*x(2)*x(2) -12.02323*x(1)*x(1)*x(2)*x(2)*x(2) -3.38605*x(1)*x(2)*x(2)*x(2)*x(2) -3.96277*x(2)*x(2)*x(2)*x(2)*x(2) +4.62547*x(1)*x(1)*x(1)*x(1)*x(1)*x(1) -0.84627*x(1)*x(1)*x(1)*x(1)*x(1)*x(2) -4.37182*x(1)*x(1)*x(1)*x(1)*x(2)*x(2) +1.79730*x(1)*x(1)*x(1)*x(2)*x(2)*x(2) -2.57908*x(1)*x(1)*x(2)*x(2)*x(2)*x(2) -1.30062*x(1)*x(2)*x(2)*x(2)*x(2)*x(2) -0.87082*x(2)*x(2)*x(2)*x(2)*x(2)*x(2) +1.90635*x(1)*x(1)*x(1)*x(1)*x(1)*x(1)*x(1) +8.06660*x(1)*x(1)*x(1)*x(1)*x(1)*x(1)*x(2) +2.55952*x(1)*x(1)*x(1)*x(1)*x(1)*x(2)*x(2) +12.30767*x(1)*x(1)*x(1)*x(1)*x(2)*x(2)*x(2) +16.00307*x(1)*x(1)*x(1)*x(2)*x(2)*x(2)*x(2) +18.29442*x(1)*x(1)*x(2)*x(2)*x(2)*x(2)*x(2) -0.73373*x(1)*x(2)*x(2)*x(2)*x(2)*x(2)*x(2) +2.77874*x(2)*x(2)*x(2)*x(2)*x(2)*x(2)*x(2)
dx(2)/dt = +2.72152*x(1) -0.00693*x(2) +0.01740*x(1)*x(1) -0.05232*x(1)*x(2) -0.02308*x(2)*x(2) -1.07092*x(1)*x(1)*x(1) +0.15415*x(1)*x(1)*x(2) -1.30395*x(1)*x(2)*x(2) -0.48633*x(2)*x(2)*x(2) -0.06850*x(1)*x(1)*x(1)*x(1) +0.68628*x(1)*x(1)*x(1)*x(2) +0.11954*x(1)*x(1)*x(2)*x(2) -0.12086*x(1)*x(2)*x(2)*x(2) +0.44822*x(2)*x(2)*x(2)*x(2) +3.46466*x(1)*x(1)*x(1)*x(1)*x(1) -1.13045*x(1)*x(1)*x(1)*x(1)*x(2) +10.19701*x(1)*x(1)*x(1)*x(2)*x(2) -9.62523*x(1)*x(1)*x(2)*x(2)*x(2) +5.79391*x(1)*x(2)*x(2)*x(2)*x(2) -0.08300*x(2)*x(2)*x(2)*x(2)*x(2) +0.08436*x(1)*x(1)*x(1)*x(1)*x(1)*x(1) -2.56156*x(1)*x(1)*x(1)*x(1)*x(1)*x(2) -3.13581*x(1)*x(1)*x(1)*x(1)*x(2)*x(2) +0.13396*x(1)*x(1)*x(1)*x(2)*x(2)*x(2) +1.18437*x(1)*x(1)*x(2)*x(2)*x(2)*x(2) +1.41739*x(1)*x(2)*x(2)*x(2)*x(2)*x(2) -2.27571*x(2)*x(2)*x(2)*x(2)*x(2)*x(2) -1.61195*x(1)*x(1)*x(1)*x(1)*x(1)*x(1)*x(1) -4.65698*x(1)*x(1)*x(1)*x(1)*x(1)*x(1)*x(2) -17.56807*x(1)*x(1)*x(1)*x(1)*x(1)*x(2)*x(2) +18.29495*x(1)*x(1)*x(1)*x(1)*x(2)*x(2)*x(2) -8.24385*x(1)*x(1)*x(1)*x(2)*x(2)*x(2)*x(2) +1.92679*x(1)*x(1)*x(2)*x(2)*x(2)*x(2)*x(2) -9.07900*x(1)*x(2)*x(2)*x(2)*x(2)*x(2)*x(2) -0.73029*x(2)*x(2)*x(2)*x(2)*x(2)*x(2)*x(2)
