dx(1)/dt = +0.00000·1 -1.02358·x(1) +2.37669·x(2) +1.23066·x(1)*x(1) -0.00000·x(1)*x(2) -1.14005·x(2)*x(2) -10.37530·x(1)*x(1)*x(1) -0.00000·x(1)*x(1)*x(2) +26.78557·x(1)*x(2)*x(2) -0.00000·x(2)*x(2)*x(2)
dx(2)/dt = +0.07242·1 -2.50877·x(1) -0.00000·x(2) +1.20442·x(1)*x(1) -0.00000·x(1)*x(2) -1.37950·x(2)*x(2) -8.77999·x(1)*x(1)*x(1) -0.00000·x(1)*x(1)*x(2) +25.08436·x(1)*x(2)*x(2) -0.00000·x(2)*x(2)*x(2)
