batch_size: 1024
beta_align: 0.007328498631074231
decayA_last_frac: 0.3
decayA_min_ratio: 0.2
depth: 3
dropout: 0.30000000000000004
dt: 2.0
epochs_A: 100
epochs_B: 240
g_dim: 63
grad_clip: 1.0
lam_full: 8.74650482764102e-06
lam_g: 2.3699805239582708e-06
lam_phi: 3.0e-10
lrA: 0.002
lrB_end: 0.0003
lrB_start: 0.003
polyorder: 1
rollout_B: 2
width: 128
