dx(1)/dt = -0.00000·1 -0.68517·x(1) +2.26186·x(2) -0.47528·x(1)*x(1) -0.57174·x(1)*x(2) +0.00000·x(2)*x(2) -1.13218·x(1)*x(1)*x(1) -0.00000·x(1)*x(1)*x(2) -2.03328·x(1)*x(2)*x(2) -0.00000·x(2)*x(2)*x(2)
dx(2)/dt = +0.05889·1 -2.13145·x(1) +0.12938·x(2) -0.00000·x(1)*x(1) -0.55907·x(1)*x(2) -0.00000·x(2)*x(2) -0.83275·x(1)*x(1)*x(1) -1.74225·x(1)*x(1)*x(2) -0.68804·x(1)*x(2)*x(2) -0.41040·x(2)*x(2)*x(2)
