batch_size: 32
beta_align: 0.07053531381735016
decayA_last_frac: 0.3
decayA_min_ratio: 0.2
depth: 3
dropout: 0.5
dt: 0.3
epochs_A: 80
epochs_B: 160
g_dim: 60
grad_clip: 1.0
lam_full: 5.490654704059827e-07
lam_g: 2.3149817013253677e-06
lam_phi: 3.0e-10
lrA: 0.002
lrB_end: 0.0003
lrB_start: 0.003
polyorder: 2
rollout_B: 8
width: 64
