dx(1)/dt = +0.51031·x(1) +0.88356·x(2) -0.33874·x(1)*x(1) +0.09603·x(1)*x(2) -0.01501·x(2)*x(2)
dx(2)/dt = -19.31711·x(1) +0.59798·x(2) +0.59928·x(1)*x(1) +0.42197·x(1)*x(2) +0.02786·x(2)*x(2)
