dx(1)/dt = 2.9999*x(2) - 1.0007*x(1)*x(2)*x(2) - 0.999731*x(1)*x(1)*x(1) + 0.998811*x(1) + 0.0010082*x(1)*x(1)*x(1)*x(2)*x(2) + 0.00085075*x(1)*x(2)*x(2)*x(2)*x(2) + 0.0006858*x(1)*x(1)*x(1)*x(1)*x(2) - 0.000504258*x(1)*x(1)*x(2) + 0.000365109*x(2)*x(2)*x(2) - 0.000252386*x(1)*x(1)*x(2)*x(2)*x(2) - 0.000163089*x(2)*x(2)*x(2)*x(2)*x(2) - 0.000105844*x(1)*x(1)*x(1)*x(1)*x(1)
dx(2)/dt = -2.99999*x(1) - 1.00058*x(1)*x(1)*x(2) - 0.999665*x(2)*x(2)*x(2) + 0.998752*x(2) + 0.00113026*x(1)*x(1)*x(2)*x(2)*x(2) - 0.000814539*x(1)*x(2)*x(2)*x(2)*x(2) + 0.000689353*x(1)*x(1)*x(1)*x(1)*x(2) + 0.000609026*x(1)*x(2)*x(2) + 0.000423965*x(1)*x(1)*x(1)*x(2)*x(2) - 0.000236527*x(1)*x(1)*x(1) - 0.000129765*x(2)*x(2)*x(2)*x(2)*x(2) + 0.000100706*x(1)*x(1)*x(1)*x(1)*x(1)
