dx(1)/dt = +0.00000*x(1) +1.09381*x(2) -0.51303*x(1)*x(1) -0.00000*x(1)*x(2) +0.00000*x(2)*x(2)
dx(2)/dt = -24.04464*x(1) -0.15021*x(2) -3.75440*x(1)*x(1) +2.78380*x(1)*x(2) +0.28969*x(2)*x(2)
