dx(1)/dt = 1.01202*x(2) + 0.00661091*x(1) - 0.00486609*x(1)*x(2) - 0.00395195*x(2)*x(2)*x(2) + 0.00348677*x(1)*x(2)*x(2) + 0.00214558*x(2)*x(2) - 0.00207227*x(1)*x(1)*x(1) - 0.00174755*x(1)*x(1)*x(1)*x(2)*x(2) - 0.00115294*x(1)*x(1)*x(2) + 0.000918271*x(1)*x(1)*x(1)*x(2) + 0.000844377*x(1)*x(1)*x(2)*x(2) - 0.000746255*x(1)*x(2)*x(2)*x(2)
dx(2)/dt = -0.985382*x(1) - 0.877481*x(1)*x(1)*x(2) + 0.775539*x(2) - 0.155638*x(1)*x(2)*x(2) + 0.153974*x(1)*x(2) + 0.0588605*x(2)*x(2)*x(2) - 0.0388713*x(2)*x(2) + 0.0339835*x(1)*x(1)*x(1)*x(2)*x(2) + 0.0162548*x(1)*x(1)*x(2)*x(2)*x(2) - 0.0157136*x(1)*x(1)*x(2)*x(2) + 0.0155911*x(1)*x(1)*x(1) - 0.011026*x(1)*x(1)*x(1)*x(2)
