dx(1)/dt = -0.00000·1 -0.81249·x(1) +2.22359·x(2) -0.00000·x(1)*x(1) -0.00000·x(1)*x(2) -0.00000·x(2)*x(2) +0.00000·x(1)*x(1)*x(1) +0.00000·x(1)*x(1)*x(2) -1.30454·x(1)*x(2)*x(2) +0.45342·x(2)*x(2)*x(2)
dx(2)/dt = +0.06368·1 -2.23819·x(1) +0.14314·x(2) -0.00000·x(1)*x(1) -0.64057·x(1)*x(2) -0.00000·x(2)*x(2) -0.00000·x(1)*x(1)*x(1) -2.48721·x(1)*x(1)*x(2) -0.00000·x(1)*x(2)*x(2) -0.29797·x(2)*x(2)*x(2)
