dx(1)/dt = 3.91507*x(1)*x(1)*x(2)*x(2)*x(2) - 2.98915*x(2) + 2.56488*x(2)*x(2)*x(2)*x(2)*x(2) - 2.44594*x(1)*x(2)*x(2)*x(2)*x(2) - 1.80012*x(1)*x(1)*x(2) - 1.76308*x(2)*x(2)*x(2)*x(2)*x(2)*x(2)*x(2) - 1.72809*x(1)*x(1)*x(1) - 1.58332*x(1)*x(1)*x(2)*x(2)*x(2)*x(2)*x(2) - 1.21449*x(1)*x(1)*x(1)*x(1)*x(2)*x(2)*x(2) + 1.07943*x(1)*x(1)*x(1)*x(2)*x(2)*x(2)*x(2) + 0.970299*x(1)*x(2)*x(2)*x(2)*x(2)*x(2)*x(2) + 0.53993*x(1)*x(2)*x(2)
dx(2)/dt = -4.52279*x(1)*x(1)*x(1)*x(2)*x(2) - 3.4584*x(1)*x(1)*x(1)*x(1)*x(1) - 3.12067*x(1)*x(1)*x(1)*x(1)*x(2) + 2.97589*x(1) + 2.17186*x(1)*x(1)*x(1)*x(1)*x(1)*x(1)*x(1) + 2.11104*x(1)*x(2)*x(2) + 1.75094*x(1)*x(1)*x(1)*x(1)*x(1)*x(2)*x(2) + 1.55354*x(1)*x(1)*x(1)*x(2)*x(2)*x(2)*x(2) - 1.52867*x(2)*x(2)*x(2) + 1.34299*x(1)*x(1)*x(1)*x(1)*x(2)*x(2)*x(2) + 1.16413*x(1)*x(1)*x(1)*x(1)*x(1)*x(1)*x(2) + 0.944022*x(1)*x(1)*x(2)
