dx(1)/dt = +0.06160·x(1) +1.13086·x(2) +0.00019·x(1)*x(1) -0.00000·x(1)*x(2) -0.00047·x(2)*x(2) -0.00516·x(1)*x(1)*x(1) -0.03582·x(1)*x(1)*x(2) -0.03379·x(1)*x(2)*x(2) -0.03134·x(2)*x(2)*x(2) -0.00003·x(1)*x(1)*x(1)*x(1) -0.00006·x(1)*x(1)*x(1)*x(2) +0.00011·x(1)*x(1)*x(2)*x(2) +0.00013·x(1)*x(2)*x(2)*x(2) -0.00010·x(2)*x(2)*x(2)*x(2) +0.00001·x(1)*x(1)*x(1)*x(1)*x(1) +0.00052·x(1)*x(1)*x(1)*x(1)*x(2) +0.00180·x(1)*x(1)*x(1)*x(2)*x(2) -0.00105·x(1)*x(1)*x(2)*x(2)*x(2) -0.00006·x(1)*x(2)*x(2)*x(2)*x(2) +0.00115·x(2)*x(2)*x(2)*x(2)*x(2)
dx(2)/dt = -1.17910·x(1) +0.43404·x(2) -0.00080·x(1)*x(1) +0.00136·x(1)*x(2) -0.00035·x(2)*x(2) +0.10305·x(1)*x(1)*x(1) -0.54391·x(1)*x(1)*x(2) -0.01533·x(1)*x(2)*x(2) +0.02608·x(2)*x(2)*x(2) +0.00018·x(1)*x(1)*x(1)*x(1) -0.00093·x(1)*x(1)*x(1)*x(2) -0.00113·x(1)*x(1)*x(2)*x(2) +0.00062·x(1)*x(2)*x(2)*x(2) -0.00005·x(2)*x(2)*x(2)*x(2) -0.00290·x(1)*x(1)*x(1)*x(1)*x(1) +0.01594·x(1)*x(1)*x(1)*x(1)*x(2) +0.00372·x(1)*x(1)*x(1)*x(2)*x(2) +0.00286·x(1)*x(1)*x(2)*x(2)*x(2) -0.00253·x(1)*x(2)*x(2)*x(2)*x(2) -0.00125·x(2)*x(2)*x(2)*x(2)*x(2)
