dx(1)/dt = +0.19969*x(1) -0.82628*x(2) -0.03858*x(1)*x(1) +0.13438*x(1)*x(2) +0.04857*x(2)*x(2) +1.89207*x(1)*x(1)*x(1) -1.02234*x(1)*x(1)*x(2) -6.59535*x(1)*x(2)*x(2) -0.48350*x(2)*x(2)*x(2) +0.23242*x(1)*x(1)*x(1)*x(1) -0.76835*x(1)*x(1)*x(1)*x(2) +0.64171*x(1)*x(1)*x(2)*x(2) -0.21013*x(1)*x(2)*x(2)*x(2) -0.16118*x(2)*x(2)*x(2)*x(2) -15.47167*x(1)*x(1)*x(1)*x(1)*x(1) +0.86758*x(1)*x(1)*x(1)*x(1)*x(2) +2.47686*x(1)*x(1)*x(1)*x(2)*x(2) +1.68728*x(1)*x(1)*x(2)*x(2)*x(2) +2.59561*x(1)*x(2)*x(2)*x(2)*x(2) -2.21742*x(2)*x(2)*x(2)*x(2)*x(2) -0.23507*x(1)*x(1)*x(1)*x(1)*x(1)*x(1) +0.44869*x(1)*x(1)*x(1)*x(1)*x(1)*x(2) -0.35724*x(1)*x(1)*x(1)*x(1)*x(2)*x(2) +0.47501*x(1)*x(1)*x(1)*x(2)*x(2)*x(2) -0.43887*x(1)*x(1)*x(2)*x(2)*x(2)*x(2) +0.19710*x(1)*x(2)*x(2)*x(2)*x(2)*x(2) +0.09581*x(2)*x(2)*x(2)*x(2)*x(2)*x(2) +10.24876*x(1)*x(1)*x(1)*x(1)*x(1)*x(1)*x(1) -0.36201*x(1)*x(1)*x(1)*x(1)*x(1)*x(1)*x(2) +4.16695*x(1)*x(1)*x(1)*x(1)*x(1)*x(2)*x(2) +0.12673*x(1)*x(1)*x(1)*x(1)*x(2)*x(2)*x(2) -0.94961*x(1)*x(1)*x(1)*x(2)*x(2)*x(2)*x(2) -0.82207*x(1)*x(1)*x(2)*x(2)*x(2)*x(2)*x(2) +0.52695*x(1)*x(2)*x(2)*x(2)*x(2)*x(2)*x(2) +2.28210*x(2)*x(2)*x(2)*x(2)*x(2)*x(2)*x(2)
dx(2)/dt = +0.83467*x(1) +0.23324*x(2) +0.05337*x(1)*x(1) -0.00657*x(1)*x(2) +0.07926*x(2)*x(2) +0.45036*x(1)*x(1)*x(1) -6.84345*x(1)*x(1)*x(2) +1.65717*x(1)*x(2)*x(2) +1.00241*x(2)*x(2)*x(2) -0.27354*x(1)*x(1)*x(1)*x(1) +0.63584*x(1)*x(1)*x(1)*x(2) -0.64803*x(1)*x(1)*x(2)*x(2) -0.02361*x(1)*x(2)*x(2)*x(2) -0.16401*x(2)*x(2)*x(2)*x(2) +2.08363*x(1)*x(1)*x(1)*x(1)*x(1) +4.90172*x(1)*x(1)*x(1)*x(1)*x(2) -2.31753*x(1)*x(1)*x(1)*x(2)*x(2) +0.50393*x(1)*x(1)*x(2)*x(2)*x(2) -1.32717*x(1)*x(2)*x(2)*x(2)*x(2) -12.70103*x(2)*x(2)*x(2)*x(2)*x(2) +0.24017*x(1)*x(1)*x(1)*x(1)*x(1)*x(1) -0.59717*x(1)*x(1)*x(1)*x(1)*x(1)*x(2) +0.24884*x(1)*x(1)*x(1)*x(1)*x(2)*x(2) -0.28111*x(1)*x(1)*x(1)*x(2)*x(2)*x(2) +0.77723*x(1)*x(1)*x(2)*x(2)*x(2)*x(2) +0.10877*x(1)*x(2)*x(2)*x(2)*x(2)*x(2) +0.07079*x(2)*x(2)*x(2)*x(2)*x(2)*x(2) -2.11110*x(1)*x(1)*x(1)*x(1)*x(1)*x(1)*x(1) -1.40490*x(1)*x(1)*x(1)*x(1)*x(1)*x(1)*x(2) +0.78164*x(1)*x(1)*x(1)*x(1)*x(1)*x(2)*x(2) -0.01005*x(1)*x(1)*x(1)*x(1)*x(2)*x(2)*x(2) +0.34965*x(1)*x(1)*x(1)*x(2)*x(2)*x(2)*x(2) +4.99953*x(1)*x(1)*x(2)*x(2)*x(2)*x(2)*x(2) +0.18726*x(1)*x(2)*x(2)*x(2)*x(2)*x(2)*x(2) +8.37652*x(2)*x(2)*x(2)*x(2)*x(2)*x(2)*x(2)
