dx(1)/dt = +11.77789·x(1) +7.04304·x(2) -45.99310·x(1)*x(1) +9.37745·x(1)*x(2) -25.83658·x(2)*x(2) -105.67364·x(1)*x(1)*x(1) +86.80783·x(1)*x(1)*x(2) -163.96945·x(1)*x(2)*x(2) +21.71102·x(2)*x(2)*x(2) +360.17755·x(1)*x(1)*x(1)*x(1) +209.71329·x(1)*x(1)*x(1)*x(2) -603.27208·x(1)*x(1)*x(2)*x(2) +22.27777·x(1)*x(2)*x(2)*x(2) +142.40686·x(2)*x(2)*x(2)*x(2)
dx(2)/dt = -22.89191·x(1) -9.38981·x(2) +20.62668·x(1)*x(1) +55.58711·x(1)*x(2) -1.49067·x(2)*x(2) +77.85088·x(1)*x(1)*x(1) +20.98707·x(1)*x(1)*x(2) -58.45998·x(1)*x(2)*x(2) +91.39287·x(2)*x(2)*x(2) -128.13647·x(1)*x(1)*x(1)*x(1) -326.07860·x(1)*x(1)*x(1)*x(2) -12.40047·x(1)*x(1)*x(2)*x(2) -58.94132·x(1)*x(2)*x(2)*x(2) -57.75709·x(2)*x(2)*x(2)*x(2)
