dx(1)/dt = +1.28387·x(1) +2.00674·x(2) -0.00437·x(1)*x(1) -0.00754·x(1)*x(2) +0.00372·x(2)*x(2) -1.19812·x(1)*x(1)*x(1) +0.66137·x(1)*x(1)*x(2) -1.49719·x(1)*x(2)*x(2) +0.32693·x(2)*x(2)*x(2) +0.00505·x(1)*x(1)*x(1)*x(1) +0.00207·x(1)*x(1)*x(1)*x(2) -0.00639·x(1)*x(1)*x(2)*x(2) +0.01153·x(1)*x(2)*x(2)*x(2) -0.00238·x(2)*x(2)*x(2)*x(2) -0.08306·x(1)*x(1)*x(1)*x(1)*x(1) -0.15546·x(1)*x(1)*x(1)*x(1)*x(2) +0.34919·x(1)*x(1)*x(1)*x(2)*x(2) -0.29099·x(1)*x(1)*x(2)*x(2)*x(2) +0.13621·x(1)*x(2)*x(2)*x(2)*x(2) +0.07810·x(2)*x(2)*x(2)*x(2)*x(2)
dx(2)/dt = -1.99155·x(1) +1.36987·x(2) -0.01584·x(1)*x(1) +0.00629·x(1)*x(2) +0.00842·x(2)*x(2) -0.34832·x(1)*x(1)*x(1) -1.57774·x(1)*x(1)*x(2) -0.67114·x(1)*x(2)*x(2) -1.34651·x(2)*x(2)*x(2) +0.01556·x(1)*x(1)*x(1)*x(1) -0.00666·x(1)*x(1)*x(1)*x(2) +0.00577·x(1)*x(1)*x(2)*x(2) -0.00000·x(1)*x(2)*x(2)*x(2) -0.01110·x(2)*x(2)*x(2)*x(2) -0.07161·x(1)*x(1)*x(1)*x(1)*x(1) +0.12054·x(1)*x(1)*x(1)*x(1)*x(2) +0.25951·x(1)*x(1)*x(1)*x(2)*x(2) +0.40568·x(1)*x(1)*x(2)*x(2)*x(2) +0.16583·x(1)*x(2)*x(2)*x(2)*x(2) -0.02467·x(2)*x(2)*x(2)*x(2)*x(2)
