dx(1)/dt = -0.00904*x(1) -2.17034*x(2) +0.06548*x(1)*x(1) -0.00415*x(1)*x(2) -0.07051*x(2)*x(2) +0.42859*x(1)*x(1)*x(1) +1.26034*x(1)*x(1)*x(2) +2.01192*x(1)*x(2)*x(2) +2.96388*x(2)*x(2)*x(2) -1.98322*x(1)*x(1)*x(1)*x(1) -0.06127*x(1)*x(1)*x(1)*x(2) +2.74685*x(1)*x(1)*x(2)*x(2) +1.24373*x(1)*x(2)*x(2)*x(2) +0.77163*x(2)*x(2)*x(2)*x(2) -0.91507*x(1)*x(1)*x(1)*x(1)*x(1) -1.38104*x(1)*x(1)*x(1)*x(1)*x(2) -13.38791*x(1)*x(1)*x(1)*x(2)*x(2) -17.72937*x(1)*x(1)*x(2)*x(2)*x(2) -12.58563*x(1)*x(2)*x(2)*x(2)*x(2) -15.67120*x(2)*x(2)*x(2)*x(2)*x(2) +10.98130*x(1)*x(1)*x(1)*x(1)*x(1)*x(1) -2.71693*x(1)*x(1)*x(1)*x(1)*x(1)*x(2) -15.33497*x(1)*x(1)*x(1)*x(1)*x(2)*x(2) +3.00189*x(1)*x(1)*x(1)*x(2)*x(2)*x(2) -1.66036*x(1)*x(1)*x(2)*x(2)*x(2)*x(2) -5.65519*x(1)*x(2)*x(2)*x(2)*x(2)*x(2) -3.04718*x(2)*x(2)*x(2)*x(2)*x(2)*x(2) -15.30008*x(1)*x(1)*x(1)*x(1)*x(1)*x(1)*x(1) -3.51237*x(1)*x(1)*x(1)*x(1)*x(1)*x(1)*x(2) +24.51716*x(1)*x(1)*x(1)*x(1)*x(1)*x(2)*x(2) +22.09318*x(1)*x(1)*x(1)*x(1)*x(2)*x(2)*x(2) +19.02887*x(1)*x(1)*x(1)*x(2)*x(2)*x(2)*x(2) +27.06069*x(1)*x(1)*x(2)*x(2)*x(2)*x(2)*x(2) +6.89834*x(1)*x(2)*x(2)*x(2)*x(2)*x(2)*x(2) +19.73269*x(2)*x(2)*x(2)*x(2)*x(2)*x(2)*x(2)
dx(2)/dt = +2.13564*x(1) +0.01566*x(2) +0.02459*x(1)*x(1) -0.12460*x(1)*x(2) -0.09955*x(2)*x(2) -2.35955*x(1)*x(1)*x(1) +1.08811*x(1)*x(1)*x(2) -0.12972*x(1)*x(2)*x(2) +0.00274*x(2)*x(2)*x(2) +0.05142*x(1)*x(1)*x(1)*x(1) +1.98917*x(1)*x(1)*x(1)*x(2) +0.62027*x(1)*x(1)*x(2)*x(2) -0.47928*x(1)*x(2)*x(2)*x(2) +1.78152*x(2)*x(2)*x(2)*x(2) +12.64904*x(1)*x(1)*x(1)*x(1)*x(1) -5.52816*x(1)*x(1)*x(1)*x(1)*x(2) +13.39572*x(1)*x(1)*x(1)*x(2)*x(2) -16.26001*x(1)*x(1)*x(2)*x(2)*x(2) -2.56000*x(1)*x(2)*x(2)*x(2)*x(2) +1.58659*x(2)*x(2)*x(2)*x(2)*x(2) -1.53769*x(1)*x(1)*x(1)*x(1)*x(1)*x(1) -6.64723*x(1)*x(1)*x(1)*x(1)*x(1)*x(2) -3.74546*x(1)*x(1)*x(1)*x(1)*x(2)*x(2) -2.59924*x(1)*x(1)*x(1)*x(2)*x(2)*x(2) -0.66503*x(1)*x(1)*x(2)*x(2)*x(2)*x(2) +5.64384*x(1)*x(2)*x(2)*x(2)*x(2)*x(2) -7.61155*x(2)*x(2)*x(2)*x(2)*x(2)*x(2) -13.91762*x(1)*x(1)*x(1)*x(1)*x(1)*x(1)*x(1) -6.41600*x(1)*x(1)*x(1)*x(1)*x(1)*x(1)*x(2) -23.67363*x(1)*x(1)*x(1)*x(1)*x(1)*x(2)*x(2) +26.16800*x(1)*x(1)*x(1)*x(1)*x(2)*x(2)*x(2) -14.94100*x(1)*x(1)*x(1)*x(2)*x(2)*x(2)*x(2) +23.23943*x(1)*x(1)*x(2)*x(2)*x(2)*x(2)*x(2) +8.32787*x(1)*x(2)*x(2)*x(2)*x(2)*x(2)*x(2) -18.03960*x(2)*x(2)*x(2)*x(2)*x(2)*x(2)*x(2)
