dx(1)/dt = -2.99719*x(2) - 0.994381*x(1)*x(1)*x(1) - 0.954636*x(1)*x(2)*x(2) - 0.687017*x(2)*x(2)*x(2)*x(2)*x(2) + 0.565602*x(1)*x(1)*x(2)*x(2)*x(2) + 0.535773*x(1)*x(1)*x(1)*x(1)*x(1) + 0.443703*x(1)*x(2)*x(2)*x(2)*x(2) + 0.43636*x(2)*x(2)*x(2)*x(2)*x(2)*x(2)*x(2) - 0.426724*x(1)*x(1)*x(1)*x(2)*x(2) - 0.401715*x(1)*x(1)*x(1)*x(1)*x(1)*x(1)*x(1) - 0.334943*x(2)*x(2)*x(2)*x(2) - 0.306568*x(1)*x(1)*x(1)*x(1)*x(2)
dx(2)/dt = 3.00067*x(1) - 1.07916*x(2)*x(2)*x(2) - 0.945576*x(1)*x(1)*x(2) - 0.628137*x(1)*x(1)*x(1)*x(1)*x(1) + 0.55673*x(2)*x(2)*x(2)*x(2)*x(2) + 0.38004*x(1)*x(1)*x(1)*x(1)*x(1)*x(1)*x(1) + 0.366661*x(1)*x(1)*x(1)*x(2) - 0.364515*x(2)*x(2)*x(2)*x(2)*x(2)*x(2)*x(2) - 0.324839*x(2)*x(2)*x(2)*x(2) + 0.276649*x(1)*x(1)*x(2)*x(2)*x(2)*x(2) - 0.226382*x(1)*x(1)*x(2)*x(2) + 0.216705*x(1)*x(2)*x(2)*x(2)
