dx(1)/dt = +1.39582·x(1) +0.62939·x(2) +0.03795·x(1)*x(1) +0.15550·x(1)*x(2) -0.05141·x(2)*x(2)
dx(2)/dt = -15.47431·x(1) +0.59524·x(2) +0.69656·x(1)*x(1) -0.62631·x(1)*x(2) +0.03361·x(2)*x(2)
