dx(1)/dt = 0.998521*x(2) + 0.00193937*x(1) - 0.000474382*x(1)*x(1)*x(1) + 7.49682e-05*x(1)*x(1) - 6.87107e-05*x(2)*x(2) + 6.53205e-05*x(2)*x(2)*x(2) + 6.28157e-05*x(1)*x(1)*x(2) + 3.57129e-05*x(1)*x(2) + 1.84598e-05*x(1)*x(2)*x(2)
dx(2)/dt = 4.99247*x(1) - 0.998868*x(1)*x(1)*x(1) - 0.50532*x(2) + 0.00381624*x(1)*x(1)*x(2) - 0.00130167*x(1)*x(2) - 0.0010433*x(1)*x(1) + 0.001025*x(2)*x(2) + 0.000615597*x(1)*x(2)*x(2) + 0.000282322*x(2)*x(2)*x(2)
