dx(1)/dt = +0.00392·1 -1.06143·x(1) +2.19368·x(2) -0.00000·x(1)*x(1) -0.00000·x(1)*x(2) -0.00000·x(2)*x(2) -15.73003·x(1)*x(1)*x(1) -0.00000·x(1)*x(1)*x(2) +41.05275·x(1)*x(2)*x(2) -0.00000·x(2)*x(2)*x(2)
dx(2)/dt = +0.07652·1 -2.63612·x(1) -0.00000·x(2) +1.22167·x(1)*x(1) -0.00000·x(1)*x(2) -2.38323·x(2)*x(2) -12.07726·x(1)*x(1)*x(1) -0.00000·x(1)*x(1)*x(2) +48.82377·x(1)*x(2)*x(2) -0.00000·x(2)*x(2)*x(2)
