dx(1)/dt = +0.00004*x(1) -0.00032*x(2) +0.00000*x(1)*x(1) -0.00001*x(1)*x(2) -0.00045*x(2)*x(2)
dx(2)/dt = +0.00057*x(1) -0.03824*x(2) +0.00001*x(1)*x(1) -0.00006*x(1)*x(2) -0.05530*x(2)*x(2)
