dx(1)/dt = +0.18050·x(1) +1.06218·x(2) -0.00032·x(1)*x(1) -0.00002·x(1)*x(2) -0.00008·x(2)*x(2) -0.03504·x(1)*x(1)*x(1) -0.02646·x(1)*x(1)*x(2) +0.00011·x(1)*x(2)*x(2) -0.00238·x(2)*x(2)*x(2)
dx(2)/dt = +4.72817·x(1) -0.07298·x(2) -0.00151·x(1)*x(1) -0.00065·x(1)*x(2) +0.00039·x(2)*x(2) -0.90196·x(1)*x(1)*x(1) -0.11171·x(1)*x(1)*x(2) -0.08272·x(1)*x(2)*x(2) -0.00107·x(2)*x(2)*x(2)
