dx(1)/dt = +2.31917*x(1) +0.33995*x(2) -0.05183*x(1)*x(1) -0.01736*x(1)*x(2) +0.04540*x(2)*x(2) -1.98968*x(1)*x(1)*x(1) -0.08072*x(1)*x(1)*x(2) -2.93024*x(1)*x(2)*x(2) -0.37742*x(2)*x(2)*x(2) +0.03691*x(1)*x(1)*x(1)*x(1) +0.01523*x(1)*x(1)*x(1)*x(2) +0.02084*x(1)*x(1)*x(2)*x(2) +0.00998*x(1)*x(2)*x(2)*x(2) -0.04234*x(2)*x(2)*x(2)*x(2) -0.30849*x(1)*x(1)*x(1)*x(1)*x(1) +0.03136*x(1)*x(1)*x(1)*x(1)*x(2) +0.90975*x(1)*x(1)*x(1)*x(2)*x(2) -0.03067*x(1)*x(1)*x(2)*x(2)*x(2) +0.36512*x(1)*x(2)*x(2)*x(2)*x(2) +0.19016*x(2)*x(2)*x(2)*x(2)*x(2)
dx(2)/dt = -0.06550*x(1) +2.62546*x(2) -0.02485*x(1)*x(1) +0.02182*x(1)*x(2) +0.01652*x(2)*x(2) -0.02642*x(1)*x(1)*x(1) -3.27013*x(1)*x(1)*x(2) -0.22288*x(1)*x(2)*x(2) -2.45710*x(2)*x(2)*x(2) +0.02297*x(1)*x(1)*x(1)*x(1) -0.01401*x(1)*x(1)*x(1)*x(2) +0.01041*x(1)*x(1)*x(2)*x(2) -0.02073*x(1)*x(2)*x(2)*x(2) -0.01776*x(2)*x(2)*x(2)*x(2) -0.05341*x(1)*x(1)*x(1)*x(1)*x(1) +0.40990*x(1)*x(1)*x(1)*x(1)*x(2) +0.11813*x(1)*x(1)*x(1)*x(2)*x(2) +1.07308*x(1)*x(1)*x(2)*x(2)*x(2) +0.01503*x(1)*x(2)*x(2)*x(2)*x(2) -0.13341*x(2)*x(2)*x(2)*x(2)*x(2)
