dx(1)/dt = +2.40159*x(1) +0.34614*x(2) -0.03211*x(1)*x(1) -0.03457*x(1)*x(2) +0.03628*x(2)*x(2) -2.07523*x(1)*x(1)*x(1) +0.24675*x(1)*x(1)*x(2) -2.98414*x(1)*x(2)*x(2) +0.13656*x(2)*x(2)*x(2) +0.03067*x(1)*x(1)*x(1)*x(1) +0.02171*x(1)*x(1)*x(1)*x(2) +0.00400*x(1)*x(1)*x(2)*x(2) +0.01834*x(1)*x(2)*x(2)*x(2) -0.03361*x(2)*x(2)*x(2)*x(2) -0.31037*x(1)*x(1)*x(1)*x(1)*x(1) -0.13071*x(1)*x(1)*x(1)*x(1)*x(2) +0.90713*x(1)*x(1)*x(1)*x(2)*x(2) -0.00557*x(1)*x(1)*x(2)*x(2)*x(2) +0.37182*x(1)*x(2)*x(2)*x(2)*x(2) +0.05301*x(2)*x(2)*x(2)*x(2)*x(2)
dx(2)/dt = -0.14589*x(1) +2.71239*x(2) -0.03698*x(1)*x(1) +0.02971*x(1)*x(2) +0.00723*x(2)*x(2) -0.41716*x(1)*x(1)*x(1) -3.31253*x(1)*x(1)*x(2) -0.42696*x(1)*x(2)*x(2) -2.56810*x(2)*x(2)*x(2) +0.03529*x(1)*x(1)*x(1)*x(1) -0.00777*x(1)*x(1)*x(1)*x(2) +0.00177*x(1)*x(1)*x(2)*x(2) -0.03027*x(1)*x(2)*x(2)*x(2) -0.00999*x(2)*x(2)*x(2)*x(2) +0.02757*x(1)*x(1)*x(1)*x(1)*x(1) +0.39342*x(1)*x(1)*x(1)*x(1)*x(2) +0.08698*x(1)*x(1)*x(1)*x(2)*x(2) +1.08905*x(1)*x(1)*x(2)*x(2)*x(2) +0.11888*x(1)*x(2)*x(2)*x(2)*x(2) -0.12597*x(2)*x(2)*x(2)*x(2)*x(2)
