dx(1)/dt = 2.97566*x(2) - 0.902325*x(1)*x(1)*x(1) + 0.894101*x(1) - 0.865071*x(1)*x(2)*x(2) - 0.0470674*x(1)*x(1)*x(1)*x(1) + 0.0428592*x(1)*x(1) + 0.039946*x(2)*x(2)*x(2) - 0.0292659*x(1)*x(1)*x(1)*x(2)*x(2) + 0.0262442*x(1)*x(1)*x(2) - 0.0225622*x(1)*x(2)*x(2)*x(2)*x(2) - 0.0221582*x(1)*x(1)*x(2)*x(2) - 0.0184779*x(1)*x(1)*x(1)*x(2)
dx(2)/dt = -3.08807*x(1) - 1.02555*x(2)*x(2)*x(2) + 0.983084*x(2) - 0.976711*x(1)*x(1)*x(2) + 0.110076*x(1)*x(1)*x(1) + 0.0964052*x(1)*x(2)*x(2) + 0.0432613*x(2)*x(2)*x(2)*x(2)*x(2) - 0.0302523*x(1)*x(1)*x(1)*x(2)*x(2) + 0.0281663*x(1)*x(1)*x(2)*x(2)*x(2) + 0.022779*x(1)*x(1)*x(1)*x(2) - 0.0218385*x(1)*x(1)*x(1)*x(1)*x(1) + 0.0210732*x(1)*x(2)*x(2)*x(2)
