dx(1)/dt = 14.7028*x(2) - 0.643224*x(2)*x(2) - 0.624703*x(1)*x(1) + 0.462687*x(1)*x(2)*x(2) + 0.22053*x(1)*x(1)*x(2)*x(2) - 0.151142*x(1)*x(1)*x(1) + 0.114192*x(1)*x(1)*x(1)*x(1) + 0.0975707*x(2)*x(2)*x(2)*x(2) + 0.0930689*x(1)*x(1)*x(1)*x(2) - 0.0675852*x(1)*x(2) - 0.0636918*x(2)*x(2)*x(2) - 0.0421619*x(1)
dx(2)/dt = -17.0625*x(1) - 1.54555*x(2) + 0.63027*x(1)*x(1)*x(1) + 0.572332*x(1)*x(2)*x(2) + 0.449886*x(2)*x(2)*x(2) - 0.419396*x(1)*x(1) - 0.360821*x(1)*x(1)*x(2) - 0.110918*x(1)*x(1)*x(1)*x(2) - 0.0825399*x(1)*x(2) + 0.0778928*x(1)*x(1)*x(2)*x(2) - 0.0672453*x(2)*x(2) + 0.0647158*x(1)*x(1)*x(1)*x(1)
