dx(1)/dt = -0.00003*x(1) -0.00022*x(2) -0.00000*x(1)*x(1) -0.00000*x(1)*x(2) -0.00036*x(2)*x(2)
dx(2)/dt = -0.00071*x(1) -0.04679*x(2) -0.00000*x(1)*x(1) +0.00002*x(1)*x(2) -0.06922*x(2)*x(2)
