dx(1)/dt = +0.06511*x(1) +1.02981*x(2) -0.00025*x(1)*x(1) -0.00005*x(1)*x(2) +0.00000*x(2)*x(2) -0.01313*x(1)*x(1)*x(1) -0.01074*x(1)*x(1)*x(2) +0.00073*x(1)*x(2)*x(2) -0.00104*x(2)*x(2)*x(2)
dx(2)/dt = +5.14944*x(1) -0.29917*x(2) -0.00086*x(1)*x(1) -0.00115*x(1)*x(2) +0.00004*x(2)*x(2) -1.00494*x(1)*x(1)*x(1) -0.06233*x(1)*x(1)*x(2) -0.04031*x(1)*x(2)*x(2) +0.00088*x(2)*x(2)*x(2)
